,vertice,f_vector
0,"[1, 1, 1, 1]",
1,"[1, 1, 1, 2]",3 3
2,"[1, 1, 1, 3]",3 3
3,"[1, 1, 1, 4]",3 3
4,"[1, 1, 1, 5]",3 3
5,"[1, 1, 1, 6]",3 3
6,"[1, 1, 1, 7]",3 3
7,"[1, 1, 2, 1]",3 3
8,"[1, 1, 2, 2]",4 4
9,"[1, 1, 2, 3]",12 23 13
10,"[1, 1, 2, 4]",12 23 13
11,"[1, 1, 2, 5]",12 23 13
12,"[1, 1, 2, 6]",12 23 13
13,"[1, 1, 2, 7]",12 23 13
14,"[1, 1, 3, 1]",3 3
15,"[1, 1, 3, 2]",12 23 13
16,"[1, 1, 3, 3]",4 4
17,"[1, 1, 3, 4]",12 25 15
18,"[1, 1, 3, 5]",12 25 15
19,"[1, 1, 3, 6]",12 25 15
20,"[1, 1, 3, 7]",12 25 15
21,"[1, 1, 4, 1]",3 3
22,"[1, 1, 4, 2]",12 23 13
23,"[1, 1, 4, 3]",12 25 15
24,"[1, 1, 4, 4]",4 4
25,"[1, 1, 4, 5]",12 25 15
26,"[1, 1, 4, 6]",12 25 15
27,"[1, 1, 4, 7]",12 25 15
28,"[1, 1, 5, 1]",3 3
29,"[1, 1, 5, 2]",12 23 13
30,"[1, 1, 5, 3]",12 25 15
31,"[1, 1, 5, 4]",12 25 15
32,"[1, 1, 5, 5]",4 4
33,"[1, 1, 5, 6]",12 25 15
34,"[1, 1, 5, 7]",12 25 15
35,"[1, 1, 6, 1]",3 3
36,"[1, 1, 6, 2]",12 23 13
37,"[1, 1, 6, 3]",12 25 15
38,"[1, 1, 6, 4]",12 25 15
39,"[1, 1, 6, 5]",12 25 15
40,"[1, 1, 6, 6]",4 4
41,"[1, 1, 6, 7]",12 25 15
42,"[1, 1, 7, 1]",3 3
43,"[1, 1, 7, 2]",12 23 13
44,"[1, 1, 7, 3]",12 25 15
45,"[1, 1, 7, 4]",12 25 15
46,"[1, 1, 7, 5]",12 25 15
47,"[1, 1, 7, 6]",12 25 15
48,"[1, 1, 7, 7]",4 4
49,"[1, 2, 1, 1]",3 3
50,"[1, 2, 1, 2]",4 4
51,"[1, 2, 1, 3]",12 23 13
52,"[1, 2, 1, 4]",12 23 13
53,"[1, 2, 1, 5]",12 23 13
54,"[1, 2, 1, 6]",12 23 13
55,"[1, 2, 1, 7]",12 23 13
56,"[1, 2, 2, 1]",4 4
57,"[1, 2, 2, 2]",3 3
58,"[1, 2, 2, 3]",12 25 15
59,"[1, 2, 2, 4]",12 24 14
60,"[1, 2, 2, 5]",12 25 15
61,"[1, 2, 2, 6]",12 25 15
62,"[1, 2, 2, 7]",12 25 15
63,"[1, 2, 3, 1]",12 23 13
64,"[1, 2, 3, 2]",12 25 15
65,"[1, 2, 3, 3]",12 25 15
66,"[1, 2, 3, 4]",24 115 160 69
67,"[1, 2, 3, 5]",24 115 160 69
68,"[1, 2, 3, 6]",24 115 160 69
69,"[1, 2, 3, 7]",24 115 160 69
70,"[1, 2, 4, 1]",12 23 13
71,"[1, 2, 4, 2]",12 24 14
72,"[1, 2, 4, 3]",24 115 160 69
73,"[1, 2, 4, 4]",12 25 15
74,"[1, 2, 4, 5]",24 114 157 67
75,"[1, 2, 4, 6]",24 115 160 69
76,"[1, 2, 4, 7]",24 115 160 69
77,"[1, 2, 5, 1]",12 23 13
78,"[1, 2, 5, 2]",12 25 15
79,"[1, 2, 5, 3]",24 115 160 69
80,"[1, 2, 5, 4]",24 114 157 67
81,"[1, 2, 5, 5]",12 25 15
82,"[1, 2, 5, 6]",24 114 158 68
83,"[1, 2, 5, 7]",24 115 160 69
84,"[1, 2, 6, 1]",12 23 13
85,"[1, 2, 6, 2]",12 25 15
86,"[1, 2, 6, 3]",24 115 160 69
87,"[1, 2, 6, 4]",24 115 160 69
88,"[1, 2, 6, 5]",24 114 158 68
89,"[1, 2, 6, 6]",12 25 15
90,"[1, 2, 6, 7]",24 114 158 68
91,"[1, 2, 7, 1]",12 23 13
92,"[1, 2, 7, 2]",12 25 15
93,"[1, 2, 7, 3]",24 115 160 69
94,"[1, 2, 7, 4]",24 115 160 69
95,"[1, 2, 7, 5]",24 115 160 69
96,"[1, 2, 7, 6]",24 114 158 68
97,"[1, 2, 7, 7]",12 25 15
98,"[1, 3, 1, 1]",3 3
99,"[1, 3, 1, 2]",12 23 13
100,"[1, 3, 1, 3]",4 4
101,"[1, 3, 1, 4]",12 25 15
102,"[1, 3, 1, 5]",12 25 15
103,"[1, 3, 1, 6]",12 25 15
104,"[1, 3, 1, 7]",12 25 15
105,"[1, 3, 2, 1]",12 23 13
106,"[1, 3, 2, 2]",12 25 15
107,"[1, 3, 2, 3]",12 25 15
108,"[1, 3, 2, 4]",24 115 160 69
109,"[1, 3, 2, 5]",24 115 160 69
110,"[1, 3, 2, 6]",24 115 160 69
111,"[1, 3, 2, 7]",24 115 160 69
112,"[1, 3, 3, 1]",4 4
113,"[1, 3, 3, 2]",12 25 15
114,"[1, 3, 3, 3]",3 3
115,"[1, 3, 3, 4]",12 25 15
116,"[1, 3, 3, 5]",12 25 15
117,"[1, 3, 3, 6]",12 24 14
118,"[1, 3, 3, 7]",12 25 15
119,"[1, 3, 4, 1]",12 25 15
120,"[1, 3, 4, 2]",24 115 160 69
121,"[1, 3, 4, 3]",12 25 15
122,"[1, 3, 4, 4]",12 25 15
123,"[1, 3, 4, 5]",24 115 160 69
124,"[1, 3, 4, 6]",24 116 162 70
125,"[1, 3, 4, 7]",24 116 162 70
126,"[1, 3, 5, 1]",12 25 15
127,"[1, 3, 5, 2]",24 115 160 69
128,"[1, 3, 5, 3]",12 25 15
129,"[1, 3, 5, 4]",24 115 160 69
130,"[1, 3, 5, 5]",12 25 15
131,"[1, 3, 5, 6]",24 115 160 69
132,"[1, 3, 5, 7]",24 115 160 69
133,"[1, 3, 6, 1]",12 25 15
134,"[1, 3, 6, 2]",24 115 160 69
135,"[1, 3, 6, 3]",12 24 14
136,"[1, 3, 6, 4]",24 116 162 70
137,"[1, 3, 6, 5]",24 115 160 69
138,"[1, 3, 6, 6]",12 25 15
139,"[1, 3, 6, 7]",24 115 160 69
140,"[1, 3, 7, 1]",12 25 15
141,"[1, 3, 7, 2]",24 115 160 69
142,"[1, 3, 7, 3]",12 25 15
143,"[1, 3, 7, 4]",24 116 162 70
144,"[1, 3, 7, 5]",24 115 160 69
145,"[1, 3, 7, 6]",24 115 160 69
146,"[1, 3, 7, 7]",12 25 15
147,"[1, 4, 1, 1]",3 3
148,"[1, 4, 1, 2]",12 23 13
149,"[1, 4, 1, 3]",12 25 15
150,"[1, 4, 1, 4]",4 4
151,"[1, 4, 1, 5]",12 25 15
152,"[1, 4, 1, 6]",12 25 15
153,"[1, 4, 1, 7]",12 25 15
154,"[1, 4, 2, 1]",12 23 13
155,"[1, 4, 2, 2]",12 24 14
156,"[1, 4, 2, 3]",24 115 160 69
157,"[1, 4, 2, 4]",12 25 15
158,"[1, 4, 2, 5]",24 114 157 67
159,"[1, 4, 2, 6]",24 115 160 69
160,"[1, 4, 2, 7]",24 115 160 69
161,"[1, 4, 3, 1]",12 25 15
162,"[1, 4, 3, 2]",24 115 160 69
163,"[1, 4, 3, 3]",12 25 15
164,"[1, 4, 3, 4]",12 25 15
165,"[1, 4, 3, 5]",24 115 160 69
166,"[1, 4, 3, 6]",24 116 162 70
167,"[1, 4, 3, 7]",24 116 162 70
168,"[1, 4, 4, 1]",4 4
169,"[1, 4, 4, 2]",12 25 15
170,"[1, 4, 4, 3]",12 25 15
171,"[1, 4, 4, 4]",3 3
172,"[1, 4, 4, 5]",12 25 15
173,"[1, 4, 4, 6]",12 25 15
174,"[1, 4, 4, 7]",12 25 15
175,"[1, 4, 5, 1]",12 25 15
176,"[1, 4, 5, 2]",24 114 157 67
177,"[1, 4, 5, 3]",24 115 160 69
178,"[1, 4, 5, 4]",12 25 15
179,"[1, 4, 5, 5]",12 25 15
180,"[1, 4, 5, 6]",24 116 162 70
181,"[1, 4, 5, 7]",24 116 162 70
182,"[1, 4, 6, 1]",12 25 15
183,"[1, 4, 6, 2]",24 115 160 69
184,"[1, 4, 6, 3]",24 116 162 70
185,"[1, 4, 6, 4]",12 25 15
186,"[1, 4, 6, 5]",24 116 162 70
187,"[1, 4, 6, 6]",12 25 15
188,"[1, 4, 6, 7]",24 115 160 69
189,"[1, 4, 7, 1]",12 25 15
190,"[1, 4, 7, 2]",24 115 160 69
191,"[1, 4, 7, 3]",24 116 162 70
192,"[1, 4, 7, 4]",12 25 15
193,"[1, 4, 7, 5]",24 116 162 70
194,"[1, 4, 7, 6]",24 115 160 69
195,"[1, 4, 7, 7]",12 25 15
196,"[1, 5, 1, 1]",3 3
197,"[1, 5, 1, 2]",12 23 13
198,"[1, 5, 1, 3]",12 25 15
199,"[1, 5, 1, 4]",12 25 15
200,"[1, 5, 1, 5]",4 4
201,"[1, 5, 1, 6]",12 25 15
202,"[1, 5, 1, 7]",12 25 15
203,"[1, 5, 2, 1]",12 23 13
204,"[1, 5, 2, 2]",12 25 15
205,"[1, 5, 2, 3]",24 115 160 69
206,"[1, 5, 2, 4]",24 114 157 67
207,"[1, 5, 2, 5]",12 25 15
208,"[1, 5, 2, 6]",24 114 158 68
209,"[1, 5, 2, 7]",24 115 160 69
210,"[1, 5, 3, 1]",12 25 15
211,"[1, 5, 3, 2]",24 115 160 69
212,"[1, 5, 3, 3]",12 25 15
213,"[1, 5, 3, 4]",24 115 160 69
214,"[1, 5, 3, 5]",12 25 15
215,"[1, 5, 3, 6]",24 115 160 69
216,"[1, 5, 3, 7]",24 115 160 69
217,"[1, 5, 4, 1]",12 25 15
218,"[1, 5, 4, 2]",24 114 157 67
219,"[1, 5, 4, 3]",24 115 160 69
220,"[1, 5, 4, 4]",12 25 15
221,"[1, 5, 4, 5]",12 25 15
222,"[1, 5, 4, 6]",24 116 162 70
223,"[1, 5, 4, 7]",24 116 162 70
224,"[1, 5, 5, 1]",4 4
225,"[1, 5, 5, 2]",12 25 15
226,"[1, 5, 5, 3]",12 25 15
227,"[1, 5, 5, 4]",12 25 15
228,"[1, 5, 5, 5]",3 3
229,"[1, 5, 5, 6]",12 25 15
230,"[1, 5, 5, 7]",12 25 15
231,"[1, 5, 6, 1]",12 25 15
232,"[1, 5, 6, 2]",24 114 158 68
233,"[1, 5, 6, 3]",24 115 160 69
234,"[1, 5, 6, 4]",24 116 162 70
235,"[1, 5, 6, 5]",12 25 15
236,"[1, 5, 6, 6]",12 25 15
237,"[1, 5, 6, 7]",24 116 162 70
238,"[1, 5, 7, 1]",12 25 15
239,"[1, 5, 7, 2]",24 115 160 69
240,"[1, 5, 7, 3]",24 115 160 69
241,"[1, 5, 7, 4]",24 116 162 70
242,"[1, 5, 7, 5]",12 25 15
243,"[1, 5, 7, 6]",24 116 162 70
244,"[1, 5, 7, 7]",12 25 15
245,"[1, 6, 1, 1]",3 3
246,"[1, 6, 1, 2]",12 23 13
247,"[1, 6, 1, 3]",12 25 15
248,"[1, 6, 1, 4]",12 25 15
249,"[1, 6, 1, 5]",12 25 15
250,"[1, 6, 1, 6]",4 4
251,"[1, 6, 1, 7]",12 25 15
252,"[1, 6, 2, 1]",12 23 13
253,"[1, 6, 2, 2]",12 25 15
254,"[1, 6, 2, 3]",24 115 160 69
255,"[1, 6, 2, 4]",24 115 160 69
256,"[1, 6, 2, 5]",24 114 158 68
257,"[1, 6, 2, 6]",12 25 15
258,"[1, 6, 2, 7]",24 114 158 68
259,"[1, 6, 3, 1]",12 25 15
260,"[1, 6, 3, 2]",24 115 160 69
261,"[1, 6, 3, 3]",12 24 14
262,"[1, 6, 3, 4]",24 116 162 70
263,"[1, 6, 3, 5]",24 115 160 69
264,"[1, 6, 3, 6]",12 25 15
265,"[1, 6, 3, 7]",24 115 160 69
266,"[1, 6, 4, 1]",12 25 15
267,"[1, 6, 4, 2]",24 115 160 69
268,"[1, 6, 4, 3]",24 116 162 70
269,"[1, 6, 4, 4]",12 25 15
270,"[1, 6, 4, 5]",24 116 162 70
271,"[1, 6, 4, 6]",12 25 15
272,"[1, 6, 4, 7]",24 115 160 69
273,"[1, 6, 5, 1]",12 25 15
274,"[1, 6, 5, 2]",24 114 158 68
275,"[1, 6, 5, 3]",24 115 160 69
276,"[1, 6, 5, 4]",24 116 162 70
277,"[1, 6, 5, 5]",12 25 15
278,"[1, 6, 5, 6]",12 25 15
279,"[1, 6, 5, 7]",24 116 162 70
280,"[1, 6, 6, 1]",4 4
281,"[1, 6, 6, 2]",12 25 15
282,"[1, 6, 6, 3]",12 25 15
283,"[1, 6, 6, 4]",12 25 15
284,"[1, 6, 6, 5]",12 25 15
285,"[1, 6, 6, 6]",3 3
286,"[1, 6, 6, 7]",12 25 15
287,"[1, 6, 7, 1]",12 25 15
288,"[1, 6, 7, 2]",24 114 158 68
289,"[1, 6, 7, 3]",24 115 160 69
290,"[1, 6, 7, 4]",24 115 160 69
291,"[1, 6, 7, 5]",24 116 162 70
292,"[1, 6, 7, 6]",12 25 15
293,"[1, 6, 7, 7]",12 25 15
294,"[1, 7, 1, 1]",3 3
295,"[1, 7, 1, 2]",12 23 13
296,"[1, 7, 1, 3]",12 25 15
297,"[1, 7, 1, 4]",12 25 15
298,"[1, 7, 1, 5]",12 25 15
299,"[1, 7, 1, 6]",12 25 15
300,"[1, 7, 1, 7]",4 4
301,"[1, 7, 2, 1]",12 23 13
302,"[1, 7, 2, 2]",12 25 15
303,"[1, 7, 2, 3]",24 115 160 69
304,"[1, 7, 2, 4]",24 115 160 69
305,"[1, 7, 2, 5]",24 115 160 69
306,"[1, 7, 2, 6]",24 114 158 68
307,"[1, 7, 2, 7]",12 25 15
308,"[1, 7, 3, 1]",12 25 15
309,"[1, 7, 3, 2]",24 115 160 69
310,"[1, 7, 3, 3]",12 25 15
311,"[1, 7, 3, 4]",24 116 162 70
312,"[1, 7, 3, 5]",24 115 160 69
313,"[1, 7, 3, 6]",24 115 160 69
314,"[1, 7, 3, 7]",12 25 15
315,"[1, 7, 4, 1]",12 25 15
316,"[1, 7, 4, 2]",24 115 160 69
317,"[1, 7, 4, 3]",24 116 162 70
318,"[1, 7, 4, 4]",12 25 15
319,"[1, 7, 4, 5]",24 116 162 70
320,"[1, 7, 4, 6]",24 115 160 69
321,"[1, 7, 4, 7]",12 25 15
322,"[1, 7, 5, 1]",12 25 15
323,"[1, 7, 5, 2]",24 115 160 69
324,"[1, 7, 5, 3]",24 115 160 69
325,"[1, 7, 5, 4]",24 116 162 70
326,"[1, 7, 5, 5]",12 25 15
327,"[1, 7, 5, 6]",24 116 162 70
328,"[1, 7, 5, 7]",12 25 15
329,"[1, 7, 6, 1]",12 25 15
330,"[1, 7, 6, 2]",24 114 158 68
331,"[1, 7, 6, 3]",24 115 160 69
332,"[1, 7, 6, 4]",24 115 160 69
333,"[1, 7, 6, 5]",24 116 162 70
334,"[1, 7, 6, 6]",12 25 15
335,"[1, 7, 6, 7]",12 25 15
336,"[1, 7, 7, 1]",4 4
337,"[1, 7, 7, 2]",12 25 15
338,"[1, 7, 7, 3]",12 25 15
339,"[1, 7, 7, 4]",12 25 15
340,"[1, 7, 7, 5]",12 25 15
341,"[1, 7, 7, 6]",12 25 15
342,"[1, 7, 7, 7]",3 3
343,"[2, 1, 1, 1]",3 3
344,"[2, 1, 1, 2]",4 4
345,"[2, 1, 1, 3]",12 23 13
346,"[2, 1, 1, 4]",12 23 13
347,"[2, 1, 1, 5]",12 23 13
348,"[2, 1, 1, 6]",12 23 13
349,"[2, 1, 1, 7]",12 23 13
350,"[2, 1, 2, 1]",4 4
351,"[2, 1, 2, 2]",3 3
352,"[2, 1, 2, 3]",12 25 15
353,"[2, 1, 2, 4]",12 24 14
354,"[2, 1, 2, 5]",12 25 15
355,"[2, 1, 2, 6]",12 25 15
356,"[2, 1, 2, 7]",12 25 15
357,"[2, 1, 3, 1]",12 23 13
358,"[2, 1, 3, 2]",12 25 15
359,"[2, 1, 3, 3]",12 25 15
360,"[2, 1, 3, 4]",24 115 160 69
361,"[2, 1, 3, 5]",24 115 160 69
362,"[2, 1, 3, 6]",24 115 160 69
363,"[2, 1, 3, 7]",24 115 160 69
364,"[2, 1, 4, 1]",12 23 13
365,"[2, 1, 4, 2]",12 24 14
366,"[2, 1, 4, 3]",24 115 160 69
367,"[2, 1, 4, 4]",12 25 15
368,"[2, 1, 4, 5]",24 114 157 67
369,"[2, 1, 4, 6]",24 115 160 69
370,"[2, 1, 4, 7]",24 115 160 69
371,"[2, 1, 5, 1]",12 23 13
372,"[2, 1, 5, 2]",12 25 15
373,"[2, 1, 5, 3]",24 115 160 69
374,"[2, 1, 5, 4]",24 114 157 67
375,"[2, 1, 5, 5]",12 25 15
376,"[2, 1, 5, 6]",24 114 158 68
377,"[2, 1, 5, 7]",24 115 160 69
378,"[2, 1, 6, 1]",12 23 13
379,"[2, 1, 6, 2]",12 25 15
380,"[2, 1, 6, 3]",24 115 160 69
381,"[2, 1, 6, 4]",24 115 160 69
382,"[2, 1, 6, 5]",24 114 158 68
383,"[2, 1, 6, 6]",12 25 15
384,"[2, 1, 6, 7]",24 114 158 68
385,"[2, 1, 7, 1]",12 23 13
386,"[2, 1, 7, 2]",12 25 15
387,"[2, 1, 7, 3]",24 115 160 69
388,"[2, 1, 7, 4]",24 115 160 69
389,"[2, 1, 7, 5]",24 115 160 69
390,"[2, 1, 7, 6]",24 114 158 68
391,"[2, 1, 7, 7]",12 25 15
392,"[2, 2, 1, 1]",4 4
393,"[2, 2, 1, 2]",3 3
394,"[2, 2, 1, 3]",12 25 15
395,"[2, 2, 1, 4]",12 24 14
396,"[2, 2, 1, 5]",12 25 15
397,"[2, 2, 1, 6]",12 25 15
398,"[2, 2, 1, 7]",12 25 15
399,"[2, 2, 2, 1]",3 3
400,"[2, 2, 2, 2]",
401,"[2, 2, 2, 3]",3 3
402,"[2, 2, 2, 4]",3 3
403,"[2, 2, 2, 5]",3 3
404,"[2, 2, 2, 6]",3 3
405,"[2, 2, 2, 7]",3 3
406,"[2, 2, 3, 1]",12 25 15
407,"[2, 2, 3, 2]",3 3
408,"[2, 2, 3, 3]",4 4
409,"[2, 2, 3, 4]",12 24 14
410,"[2, 2, 3, 5]",12 25 15
411,"[2, 2, 3, 6]",12 25 15
412,"[2, 2, 3, 7]",12 25 15
413,"[2, 2, 4, 1]",12 24 14
414,"[2, 2, 4, 2]",3 3
415,"[2, 2, 4, 3]",12 24 14
416,"[2, 2, 4, 4]",4 4
417,"[2, 2, 4, 5]",12 23 13
418,"[2, 2, 4, 6]",12 23 13
419,"[2, 2, 4, 7]",12 23 13
420,"[2, 2, 5, 1]",12 25 15
421,"[2, 2, 5, 2]",3 3
422,"[2, 2, 5, 3]",12 25 15
423,"[2, 2, 5, 4]",12 23 13
424,"[2, 2, 5, 5]",4 4
425,"[2, 2, 5, 6]",12 25 15
426,"[2, 2, 5, 7]",12 25 15
427,"[2, 2, 6, 1]",12 25 15
428,"[2, 2, 6, 2]",3 3
429,"[2, 2, 6, 3]",12 25 15
430,"[2, 2, 6, 4]",12 23 13
431,"[2, 2, 6, 5]",12 25 15
432,"[2, 2, 6, 6]",4 4
433,"[2, 2, 6, 7]",12 25 15
434,"[2, 2, 7, 1]",12 25 15
435,"[2, 2, 7, 2]",3 3
436,"[2, 2, 7, 3]",12 25 15
437,"[2, 2, 7, 4]",12 23 13
438,"[2, 2, 7, 5]",12 25 15
439,"[2, 2, 7, 6]",12 25 15
440,"[2, 2, 7, 7]",4 4
441,"[2, 3, 1, 1]",12 23 13
442,"[2, 3, 1, 2]",12 25 15
443,"[2, 3, 1, 3]",12 25 15
444,"[2, 3, 1, 4]",24 115 160 69
445,"[2, 3, 1, 5]",24 115 160 69
446,"[2, 3, 1, 6]",24 115 160 69
447,"[2, 3, 1, 7]",24 115 160 69
448,"[2, 3, 2, 1]",12 25 15
449,"[2, 3, 2, 2]",3 3
450,"[2, 3, 2, 3]",4 4
451,"[2, 3, 2, 4]",12 24 14
452,"[2, 3, 2, 5]",12 25 15
453,"[2, 3, 2, 6]",12 25 15
454,"[2, 3, 2, 7]",12 25 15
455,"[2, 3, 3, 1]",12 25 15
456,"[2, 3, 3, 2]",4 4
457,"[2, 3, 3, 3]",3 3
458,"[2, 3, 3, 4]",12 25 15
459,"[2, 3, 3, 5]",12 25 15
460,"[2, 3, 3, 6]",12 24 14
461,"[2, 3, 3, 7]",12 25 15
462,"[2, 3, 4, 1]",24 115 160 69
463,"[2, 3, 4, 2]",12 24 14
464,"[2, 3, 4, 3]",12 25 15
465,"[2, 3, 4, 4]",12 25 15
466,"[2, 3, 4, 5]",24 114 158 68
467,"[2, 3, 4, 6]",24 115 160 69
468,"[2, 3, 4, 7]",24 115 160 69
469,"[2, 3, 5, 1]",24 115 160 69
470,"[2, 3, 5, 2]",12 25 15
471,"[2, 3, 5, 3]",12 25 15
472,"[2, 3, 5, 4]",24 114 158 68
473,"[2, 3, 5, 5]",12 25 15
474,"[2, 3, 5, 6]",24 114 158 68
475,"[2, 3, 5, 7]",24 114 157 67
476,"[2, 3, 6, 1]",24 115 160 69
477,"[2, 3, 6, 2]",12 25 15
478,"[2, 3, 6, 3]",12 24 14
479,"[2, 3, 6, 4]",24 115 160 69
480,"[2, 3, 6, 5]",24 114 158 68
481,"[2, 3, 6, 6]",12 25 15
482,"[2, 3, 6, 7]",24 114 158 68
483,"[2, 3, 7, 1]",24 115 160 69
484,"[2, 3, 7, 2]",12 25 15
485,"[2, 3, 7, 3]",12 25 15
486,"[2, 3, 7, 4]",24 115 160 69
487,"[2, 3, 7, 5]",24 114 157 67
488,"[2, 3, 7, 6]",24 114 158 68
489,"[2, 3, 7, 7]",12 25 15
490,"[2, 4, 1, 1]",12 23 13
491,"[2, 4, 1, 2]",12 24 14
492,"[2, 4, 1, 3]",24 115 160 69
493,"[2, 4, 1, 4]",12 25 15
494,"[2, 4, 1, 5]",24 114 157 67
495,"[2, 4, 1, 6]",24 115 160 69
496,"[2, 4, 1, 7]",24 115 160 69
497,"[2, 4, 2, 1]",12 24 14
498,"[2, 4, 2, 2]",3 3
499,"[2, 4, 2, 3]",12 24 14
500,"[2, 4, 2, 4]",4 4
501,"[2, 4, 2, 5]",12 23 13
502,"[2, 4, 2, 6]",12 23 13
503,"[2, 4, 2, 7]",12 23 13
504,"[2, 4, 3, 1]",24 115 160 69
505,"[2, 4, 3, 2]",12 24 14
506,"[2, 4, 3, 3]",12 25 15
507,"[2, 4, 3, 4]",12 25 15
508,"[2, 4, 3, 5]",24 114 158 68
509,"[2, 4, 3, 6]",24 115 160 69
510,"[2, 4, 3, 7]",24 115 160 69
511,"[2, 4, 4, 1]",12 25 15
512,"[2, 4, 4, 2]",4 4
513,"[2, 4, 4, 3]",12 25 15
514,"[2, 4, 4, 4]",3 3
515,"[2, 4, 4, 5]",12 25 15
516,"[2, 4, 4, 6]",12 25 15
517,"[2, 4, 4, 7]",12 25 15
518,"[2, 4, 5, 1]",24 114 157 67
519,"[2, 4, 5, 2]",12 23 13
520,"[2, 4, 5, 3]",24 114 158 68
521,"[2, 4, 5, 4]",12 25 15
522,"[2, 4, 5, 5]",12 25 15
523,"[2, 4, 5, 6]",24 115 160 69
524,"[2, 4, 5, 7]",24 115 160 69
525,"[2, 4, 6, 1]",24 115 160 69
526,"[2, 4, 6, 2]",12 23 13
527,"[2, 4, 6, 3]",24 115 160 69
528,"[2, 4, 6, 4]",12 25 15
529,"[2, 4, 6, 5]",24 115 160 69
530,"[2, 4, 6, 6]",12 25 15
531,"[2, 4, 6, 7]",24 114 158 68
532,"[2, 4, 7, 1]",24 115 160 69
533,"[2, 4, 7, 2]",12 23 13
534,"[2, 4, 7, 3]",24 115 160 69
535,"[2, 4, 7, 4]",12 25 15
536,"[2, 4, 7, 5]",24 115 160 69
537,"[2, 4, 7, 6]",24 114 158 68
538,"[2, 4, 7, 7]",12 25 15
539,"[2, 5, 1, 1]",12 23 13
540,"[2, 5, 1, 2]",12 25 15
541,"[2, 5, 1, 3]",24 115 160 69
542,"[2, 5, 1, 4]",24 114 157 67
543,"[2, 5, 1, 5]",12 25 15
544,"[2, 5, 1, 6]",24 114 158 68
545,"[2, 5, 1, 7]",24 115 160 69
546,"[2, 5, 2, 1]",12 25 15
547,"[2, 5, 2, 2]",3 3
548,"[2, 5, 2, 3]",12 25 15
549,"[2, 5, 2, 4]",12 23 13
550,"[2, 5, 2, 5]",4 4
551,"[2, 5, 2, 6]",12 25 15
552,"[2, 5, 2, 7]",12 25 15
553,"[2, 5, 3, 1]",24 115 160 69
554,"[2, 5, 3, 2]",12 25 15
555,"[2, 5, 3, 3]",12 25 15
556,"[2, 5, 3, 4]",24 114 158 68
557,"[2, 5, 3, 5]",12 25 15
558,"[2, 5, 3, 6]",24 114 158 68
559,"[2, 5, 3, 7]",24 114 157 67
560,"[2, 5, 4, 1]",24 114 157 67
561,"[2, 5, 4, 2]",12 23 13
562,"[2, 5, 4, 3]",24 114 158 68
563,"[2, 5, 4, 4]",12 25 15
564,"[2, 5, 4, 5]",12 25 15
565,"[2, 5, 4, 6]",24 115 160 69
566,"[2, 5, 4, 7]",24 115 160 69
567,"[2, 5, 5, 1]",12 25 15
568,"[2, 5, 5, 2]",4 4
569,"[2, 5, 5, 3]",12 25 15
570,"[2, 5, 5, 4]",12 25 15
571,"[2, 5, 5, 5]",3 3
572,"[2, 5, 5, 6]",12 25 15
573,"[2, 5, 5, 7]",12 25 15
574,"[2, 5, 6, 1]",24 114 158 68
575,"[2, 5, 6, 2]",12 25 15
576,"[2, 5, 6, 3]",24 114 158 68
577,"[2, 5, 6, 4]",24 115 160 69
578,"[2, 5, 6, 5]",12 25 15
579,"[2, 5, 6, 6]",12 25 15
580,"[2, 5, 6, 7]",24 115 160 69
581,"[2, 5, 7, 1]",24 115 160 69
582,"[2, 5, 7, 2]",12 25 15
583,"[2, 5, 7, 3]",24 114 157 67
584,"[2, 5, 7, 4]",24 115 160 69
585,"[2, 5, 7, 5]",12 25 15
586,"[2, 5, 7, 6]",24 115 160 69
587,"[2, 5, 7, 7]",12 25 15
588,"[2, 6, 1, 1]",12 23 13
589,"[2, 6, 1, 2]",12 25 15
590,"[2, 6, 1, 3]",24 115 160 69
591,"[2, 6, 1, 4]",24 115 160 69
592,"[2, 6, 1, 5]",24 114 158 68
593,"[2, 6, 1, 6]",12 25 15
594,"[2, 6, 1, 7]",24 114 158 68
595,"[2, 6, 2, 1]",12 25 15
596,"[2, 6, 2, 2]",3 3
597,"[2, 6, 2, 3]",12 25 15
598,"[2, 6, 2, 4]",12 23 13
599,"[2, 6, 2, 5]",12 25 15
600,"[2, 6, 2, 6]",4 4
601,"[2, 6, 2, 7]",12 25 15
602,"[2, 6, 3, 1]",24 115 160 69
603,"[2, 6, 3, 2]",12 25 15
604,"[2, 6, 3, 3]",12 24 14
605,"[2, 6, 3, 4]",24 115 160 69
606,"[2, 6, 3, 5]",24 114 158 68
607,"[2, 6, 3, 6]",12 25 15
608,"[2, 6, 3, 7]",24 114 158 68
609,"[2, 6, 4, 1]",24 115 160 69
610,"[2, 6, 4, 2]",12 23 13
611,"[2, 6, 4, 3]",24 115 160 69
612,"[2, 6, 4, 4]",12 25 15
613,"[2, 6, 4, 5]",24 115 160 69
614,"[2, 6, 4, 6]",12 25 15
615,"[2, 6, 4, 7]",24 114 158 68
616,"[2, 6, 5, 1]",24 114 158 68
617,"[2, 6, 5, 2]",12 25 15
618,"[2, 6, 5, 3]",24 114 158 68
619,"[2, 6, 5, 4]",24 115 160 69
620,"[2, 6, 5, 5]",12 25 15
621,"[2, 6, 5, 6]",12 25 15
622,"[2, 6, 5, 7]",24 115 160 69
623,"[2, 6, 6, 1]",12 25 15
624,"[2, 6, 6, 2]",4 4
625,"[2, 6, 6, 3]",12 25 15
626,"[2, 6, 6, 4]",12 25 15
627,"[2, 6, 6, 5]",12 25 15
628,"[2, 6, 6, 6]",3 3
629,"[2, 6, 6, 7]",12 25 15
630,"[2, 6, 7, 1]",24 114 158 68
631,"[2, 6, 7, 2]",12 25 15
632,"[2, 6, 7, 3]",24 114 158 68
633,"[2, 6, 7, 4]",24 114 158 68
634,"[2, 6, 7, 5]",24 115 160 69
635,"[2, 6, 7, 6]",12 25 15
636,"[2, 6, 7, 7]",12 25 15
637,"[2, 7, 1, 1]",12 23 13
638,"[2, 7, 1, 2]",12 25 15
639,"[2, 7, 1, 3]",24 115 160 69
640,"[2, 7, 1, 4]",24 115 160 69
641,"[2, 7, 1, 5]",24 115 160 69
642,"[2, 7, 1, 6]",24 114 158 68
643,"[2, 7, 1, 7]",12 25 15
644,"[2, 7, 2, 1]",12 25 15
645,"[2, 7, 2, 2]",3 3
646,"[2, 7, 2, 3]",12 25 15
647,"[2, 7, 2, 4]",12 23 13
648,"[2, 7, 2, 5]",12 25 15
649,"[2, 7, 2, 6]",12 25 15
650,"[2, 7, 2, 7]",4 4
651,"[2, 7, 3, 1]",24 115 160 69
652,"[2, 7, 3, 2]",12 25 15
653,"[2, 7, 3, 3]",12 25 15
654,"[2, 7, 3, 4]",24 115 160 69
655,"[2, 7, 3, 5]",24 114 157 67
656,"[2, 7, 3, 6]",24 114 158 68
657,"[2, 7, 3, 7]",12 25 15
658,"[2, 7, 4, 1]",24 115 160 69
659,"[2, 7, 4, 2]",12 23 13
660,"[2, 7, 4, 3]",24 115 160 69
661,"[2, 7, 4, 4]",12 25 15
662,"[2, 7, 4, 5]",24 115 160 69
663,"[2, 7, 4, 6]",24 114 158 68
664,"[2, 7, 4, 7]",12 25 15
665,"[2, 7, 5, 1]",24 115 160 69
666,"[2, 7, 5, 2]",12 25 15
667,"[2, 7, 5, 3]",24 114 157 67
668,"[2, 7, 5, 4]",24 115 160 69
669,"[2, 7, 5, 5]",12 25 15
670,"[2, 7, 5, 6]",24 115 160 69
671,"[2, 7, 5, 7]",12 25 15
672,"[2, 7, 6, 1]",24 114 158 68
673,"[2, 7, 6, 2]",12 25 15
674,"[2, 7, 6, 3]",24 114 158 68
675,"[2, 7, 6, 4]",24 114 158 68
676,"[2, 7, 6, 5]",24 115 160 69
677,"[2, 7, 6, 6]",12 25 15
678,"[2, 7, 6, 7]",12 25 15
679,"[2, 7, 7, 1]",12 25 15
680,"[2, 7, 7, 2]",4 4
681,"[2, 7, 7, 3]",12 25 15
682,"[2, 7, 7, 4]",12 25 15
683,"[2, 7, 7, 5]",12 25 15
684,"[2, 7, 7, 6]",12 25 15
685,"[2, 7, 7, 7]",3 3
686,"[3, 1, 1, 1]",3 3
687,"[3, 1, 1, 2]",12 23 13
688,"[3, 1, 1, 3]",4 4
689,"[3, 1, 1, 4]",12 25 15
690,"[3, 1, 1, 5]",12 25 15
691,"[3, 1, 1, 6]",12 25 15
692,"[3, 1, 1, 7]",12 25 15
693,"[3, 1, 2, 1]",12 23 13
694,"[3, 1, 2, 2]",12 25 15
695,"[3, 1, 2, 3]",12 25 15
696,"[3, 1, 2, 4]",24 115 160 69
697,"[3, 1, 2, 5]",24 115 160 69
698,"[3, 1, 2, 6]",24 115 160 69
699,"[3, 1, 2, 7]",24 115 160 69
700,"[3, 1, 3, 1]",4 4
701,"[3, 1, 3, 2]",12 25 15
702,"[3, 1, 3, 3]",3 3
703,"[3, 1, 3, 4]",12 25 15
704,"[3, 1, 3, 5]",12 25 15
705,"[3, 1, 3, 6]",12 24 14
706,"[3, 1, 3, 7]",12 25 15
707,"[3, 1, 4, 1]",12 25 15
708,"[3, 1, 4, 2]",24 115 160 69
709,"[3, 1, 4, 3]",12 25 15
710,"[3, 1, 4, 4]",12 25 15
711,"[3, 1, 4, 5]",24 115 160 69
712,"[3, 1, 4, 6]",24 116 162 70
713,"[3, 1, 4, 7]",24 116 162 70
714,"[3, 1, 5, 1]",12 25 15
715,"[3, 1, 5, 2]",24 115 160 69
716,"[3, 1, 5, 3]",12 25 15
717,"[3, 1, 5, 4]",24 115 160 69
718,"[3, 1, 5, 5]",12 25 15
719,"[3, 1, 5, 6]",24 115 160 69
720,"[3, 1, 5, 7]",24 115 160 69
721,"[3, 1, 6, 1]",12 25 15
722,"[3, 1, 6, 2]",24 115 160 69
723,"[3, 1, 6, 3]",12 24 14
724,"[3, 1, 6, 4]",24 116 162 70
725,"[3, 1, 6, 5]",24 115 160 69
726,"[3, 1, 6, 6]",12 25 15
727,"[3, 1, 6, 7]",24 115 160 69
728,"[3, 1, 7, 1]",12 25 15
729,"[3, 1, 7, 2]",24 115 160 69
730,"[3, 1, 7, 3]",12 25 15
731,"[3, 1, 7, 4]",24 116 162 70
732,"[3, 1, 7, 5]",24 115 160 69
733,"[3, 1, 7, 6]",24 115 160 69
734,"[3, 1, 7, 7]",12 25 15
735,"[3, 2, 1, 1]",12 23 13
736,"[3, 2, 1, 2]",12 25 15
737,"[3, 2, 1, 3]",12 25 15
738,"[3, 2, 1, 4]",24 115 160 69
739,"[3, 2, 1, 5]",24 115 160 69
740,"[3, 2, 1, 6]",24 115 160 69
741,"[3, 2, 1, 7]",24 115 160 69
742,"[3, 2, 2, 1]",12 25 15
743,"[3, 2, 2, 2]",3 3
744,"[3, 2, 2, 3]",4 4
745,"[3, 2, 2, 4]",12 24 14
746,"[3, 2, 2, 5]",12 25 15
747,"[3, 2, 2, 6]",12 25 15
748,"[3, 2, 2, 7]",12 25 15
749,"[3, 2, 3, 1]",12 25 15
750,"[3, 2, 3, 2]",4 4
751,"[3, 2, 3, 3]",3 3
752,"[3, 2, 3, 4]",12 25 15
753,"[3, 2, 3, 5]",12 25 15
754,"[3, 2, 3, 6]",12 24 14
755,"[3, 2, 3, 7]",12 25 15
756,"[3, 2, 4, 1]",24 115 160 69
757,"[3, 2, 4, 2]",12 24 14
758,"[3, 2, 4, 3]",12 25 15
759,"[3, 2, 4, 4]",12 25 15
760,"[3, 2, 4, 5]",24 114 158 68
761,"[3, 2, 4, 6]",24 115 160 69
762,"[3, 2, 4, 7]",24 115 160 69
763,"[3, 2, 5, 1]",24 115 160 69
764,"[3, 2, 5, 2]",12 25 15
765,"[3, 2, 5, 3]",12 25 15
766,"[3, 2, 5, 4]",24 114 158 68
767,"[3, 2, 5, 5]",12 25 15
768,"[3, 2, 5, 6]",24 114 158 68
769,"[3, 2, 5, 7]",24 114 157 67
770,"[3, 2, 6, 1]",24 115 160 69
771,"[3, 2, 6, 2]",12 25 15
772,"[3, 2, 6, 3]",12 24 14
773,"[3, 2, 6, 4]",24 115 160 69
774,"[3, 2, 6, 5]",24 114 158 68
775,"[3, 2, 6, 6]",12 25 15
776,"[3, 2, 6, 7]",24 114 158 68
777,"[3, 2, 7, 1]",24 115 160 69
778,"[3, 2, 7, 2]",12 25 15
779,"[3, 2, 7, 3]",12 25 15
780,"[3, 2, 7, 4]",24 115 160 69
781,"[3, 2, 7, 5]",24 114 157 67
782,"[3, 2, 7, 6]",24 114 158 68
783,"[3, 2, 7, 7]",12 25 15
784,"[3, 3, 1, 1]",4 4
785,"[3, 3, 1, 2]",12 25 15
786,"[3, 3, 1, 3]",3 3
787,"[3, 3, 1, 4]",12 25 15
788,"[3, 3, 1, 5]",12 25 15
789,"[3, 3, 1, 6]",12 24 14
790,"[3, 3, 1, 7]",12 25 15
791,"[3, 3, 2, 1]",12 25 15
792,"[3, 3, 2, 2]",4 4
793,"[3, 3, 2, 3]",3 3
794,"[3, 3, 2, 4]",12 25 15
795,"[3, 3, 2, 5]",12 25 15
796,"[3, 3, 2, 6]",12 24 14
797,"[3, 3, 2, 7]",12 25 15
798,"[3, 3, 3, 1]",3 3
799,"[3, 3, 3, 2]",3 3
800,"[3, 3, 3, 3]",
801,"[3, 3, 3, 4]",3 3
802,"[3, 3, 3, 5]",3 3
803,"[3, 3, 3, 6]",3 3
804,"[3, 3, 3, 7]",3 3
805,"[3, 3, 4, 1]",12 25 15
806,"[3, 3, 4, 2]",12 25 15
807,"[3, 3, 4, 3]",3 3
808,"[3, 3, 4, 4]",4 4
809,"[3, 3, 4, 5]",12 25 15
810,"[3, 3, 4, 6]",12 24 14
811,"[3, 3, 4, 7]",12 25 15
812,"[3, 3, 5, 1]",12 25 15
813,"[3, 3, 5, 2]",12 25 15
814,"[3, 3, 5, 3]",3 3
815,"[3, 3, 5, 4]",12 25 15
816,"[3, 3, 5, 5]",4 4
817,"[3, 3, 5, 6]",12 24 14
818,"[3, 3, 5, 7]",12 25 15
819,"[3, 3, 6, 1]",12 24 14
820,"[3, 3, 6, 2]",12 24 14
821,"[3, 3, 6, 3]",3 3
822,"[3, 3, 6, 4]",12 24 14
823,"[3, 3, 6, 5]",12 24 14
824,"[3, 3, 6, 6]",4 4
825,"[3, 3, 6, 7]",12 23 13
826,"[3, 3, 7, 1]",12 25 15
827,"[3, 3, 7, 2]",12 25 15
828,"[3, 3, 7, 3]",3 3
829,"[3, 3, 7, 4]",12 25 15
830,"[3, 3, 7, 5]",12 25 15
831,"[3, 3, 7, 6]",12 23 13
832,"[3, 3, 7, 7]",4 4
833,"[3, 4, 1, 1]",12 25 15
834,"[3, 4, 1, 2]",24 115 160 69
835,"[3, 4, 1, 3]",12 25 15
836,"[3, 4, 1, 4]",12 25 15
837,"[3, 4, 1, 5]",24 115 160 69
838,"[3, 4, 1, 6]",24 116 162 70
839,"[3, 4, 1, 7]",24 116 162 70
840,"[3, 4, 2, 1]",24 115 160 69
841,"[3, 4, 2, 2]",12 24 14
842,"[3, 4, 2, 3]",12 25 15
843,"[3, 4, 2, 4]",12 25 15
844,"[3, 4, 2, 5]",24 114 158 68
845,"[3, 4, 2, 6]",24 115 160 69
846,"[3, 4, 2, 7]",24 115 160 69
847,"[3, 4, 3, 1]",12 25 15
848,"[3, 4, 3, 2]",12 25 15
849,"[3, 4, 3, 3]",3 3
850,"[3, 4, 3, 4]",4 4
851,"[3, 4, 3, 5]",12 25 15
852,"[3, 4, 3, 6]",12 24 14
853,"[3, 4, 3, 7]",12 25 15
854,"[3, 4, 4, 1]",12 25 15
855,"[3, 4, 4, 2]",12 25 15
856,"[3, 4, 4, 3]",4 4
857,"[3, 4, 4, 4]",3 3
858,"[3, 4, 4, 5]",12 25 15
859,"[3, 4, 4, 6]",12 25 15
860,"[3, 4, 4, 7]",12 25 15
861,"[3, 4, 5, 1]",24 115 160 69
862,"[3, 4, 5, 2]",24 114 158 68
863,"[3, 4, 5, 3]",12 25 15
864,"[3, 4, 5, 4]",12 25 15
865,"[3, 4, 5, 5]",12 25 15
866,"[3, 4, 5, 6]",24 114 158 68
867,"[3, 4, 5, 7]",24 115 160 69
868,"[3, 4, 6, 1]",24 116 162 70
869,"[3, 4, 6, 2]",24 115 160 69
870,"[3, 4, 6, 3]",12 24 14
871,"[3, 4, 6, 4]",12 25 15
872,"[3, 4, 6, 5]",24 114 158 68
873,"[3, 4, 6, 6]",12 25 15
874,"[3, 4, 6, 7]",24 114 158 68
875,"[3, 4, 7, 1]",24 116 162 70
876,"[3, 4, 7, 2]",24 115 160 69
877,"[3, 4, 7, 3]",12 25 15
878,"[3, 4, 7, 4]",12 25 15
879,"[3, 4, 7, 5]",24 115 160 69
880,"[3, 4, 7, 6]",24 114 158 68
881,"[3, 4, 7, 7]",12 25 15
882,"[3, 5, 1, 1]",12 25 15
883,"[3, 5, 1, 2]",24 115 160 69
884,"[3, 5, 1, 3]",12 25 15
885,"[3, 5, 1, 4]",24 115 160 69
886,"[3, 5, 1, 5]",12 25 15
887,"[3, 5, 1, 6]",24 115 160 69
888,"[3, 5, 1, 7]",24 115 160 69
889,"[3, 5, 2, 1]",24 115 160 69
890,"[3, 5, 2, 2]",12 25 15
891,"[3, 5, 2, 3]",12 25 15
892,"[3, 5, 2, 4]",24 114 158 68
893,"[3, 5, 2, 5]",12 25 15
894,"[3, 5, 2, 6]",24 114 158 68
895,"[3, 5, 2, 7]",24 114 157 67
896,"[3, 5, 3, 1]",12 25 15
897,"[3, 5, 3, 2]",12 25 15
898,"[3, 5, 3, 3]",3 3
899,"[3, 5, 3, 4]",12 25 15
900,"[3, 5, 3, 5]",4 4
901,"[3, 5, 3, 6]",12 24 14
902,"[3, 5, 3, 7]",12 25 15
903,"[3, 5, 4, 1]",24 115 160 69
904,"[3, 5, 4, 2]",24 114 158 68
905,"[3, 5, 4, 3]",12 25 15
906,"[3, 5, 4, 4]",12 25 15
907,"[3, 5, 4, 5]",12 25 15
908,"[3, 5, 4, 6]",24 114 158 68
909,"[3, 5, 4, 7]",24 115 160 69
910,"[3, 5, 5, 1]",12 25 15
911,"[3, 5, 5, 2]",12 25 15
912,"[3, 5, 5, 3]",4 4
913,"[3, 5, 5, 4]",12 25 15
914,"[3, 5, 5, 5]",3 3
915,"[3, 5, 5, 6]",12 25 15
916,"[3, 5, 5, 7]",12 25 15
917,"[3, 5, 6, 1]",24 115 160 69
918,"[3, 5, 6, 2]",24 114 158 68
919,"[3, 5, 6, 3]",12 24 14
920,"[3, 5, 6, 4]",24 114 158 68
921,"[3, 5, 6, 5]",12 25 15
922,"[3, 5, 6, 6]",12 25 15
923,"[3, 5, 6, 7]",24 115 160 69
924,"[3, 5, 7, 1]",24 115 160 69
925,"[3, 5, 7, 2]",24 114 157 67
926,"[3, 5, 7, 3]",12 25 15
927,"[3, 5, 7, 4]",24 115 160 69
928,"[3, 5, 7, 5]",12 25 15
929,"[3, 5, 7, 6]",24 115 160 69
930,"[3, 5, 7, 7]",12 25 15
931,"[3, 6, 1, 1]",12 25 15
932,"[3, 6, 1, 2]",24 115 160 69
933,"[3, 6, 1, 3]",12 24 14
934,"[3, 6, 1, 4]",24 116 162 70
935,"[3, 6, 1, 5]",24 115 160 69
936,"[3, 6, 1, 6]",12 25 15
937,"[3, 6, 1, 7]",24 115 160 69
938,"[3, 6, 2, 1]",24 115 160 69
939,"[3, 6, 2, 2]",12 25 15
940,"[3, 6, 2, 3]",12 24 14
941,"[3, 6, 2, 4]",24 115 160 69
942,"[3, 6, 2, 5]",24 114 158 68
943,"[3, 6, 2, 6]",12 25 15
944,"[3, 6, 2, 7]",24 114 158 68
945,"[3, 6, 3, 1]",12 24 14
946,"[3, 6, 3, 2]",12 24 14
947,"[3, 6, 3, 3]",3 3
948,"[3, 6, 3, 4]",12 24 14
949,"[3, 6, 3, 5]",12 24 14
950,"[3, 6, 3, 6]",4 4
951,"[3, 6, 3, 7]",12 23 13
952,"[3, 6, 4, 1]",24 116 162 70
953,"[3, 6, 4, 2]",24 115 160 69
954,"[3, 6, 4, 3]",12 24 14
955,"[3, 6, 4, 4]",12 25 15
956,"[3, 6, 4, 5]",24 114 158 68
957,"[3, 6, 4, 6]",12 25 15
958,"[3, 6, 4, 7]",24 114 158 68
959,"[3, 6, 5, 1]",24 115 160 69
960,"[3, 6, 5, 2]",24 114 158 68
961,"[3, 6, 5, 3]",12 24 14
962,"[3, 6, 5, 4]",24 114 158 68
963,"[3, 6, 5, 5]",12 25 15
964,"[3, 6, 5, 6]",12 25 15
965,"[3, 6, 5, 7]",24 115 160 69
966,"[3, 6, 6, 1]",12 25 15
967,"[3, 6, 6, 2]",12 25 15
968,"[3, 6, 6, 3]",4 4
969,"[3, 6, 6, 4]",12 25 15
970,"[3, 6, 6, 5]",12 25 15
971,"[3, 6, 6, 6]",3 3
972,"[3, 6, 6, 7]",12 25 15
973,"[3, 6, 7, 1]",24 115 160 69
974,"[3, 6, 7, 2]",24 114 158 68
975,"[3, 6, 7, 3]",12 23 13
976,"[3, 6, 7, 4]",24 114 158 68
977,"[3, 6, 7, 5]",24 115 160 69
978,"[3, 6, 7, 6]",12 25 15
979,"[3, 6, 7, 7]",12 25 15
980,"[3, 7, 1, 1]",12 25 15
981,"[3, 7, 1, 2]",24 115 160 69
982,"[3, 7, 1, 3]",12 25 15
983,"[3, 7, 1, 4]",24 116 162 70
984,"[3, 7, 1, 5]",24 115 160 69
985,"[3, 7, 1, 6]",24 115 160 69
986,"[3, 7, 1, 7]",12 25 15
987,"[3, 7, 2, 1]",24 115 160 69
988,"[3, 7, 2, 2]",12 25 15
989,"[3, 7, 2, 3]",12 25 15
990,"[3, 7, 2, 4]",24 115 160 69
991,"[3, 7, 2, 5]",24 114 157 67
992,"[3, 7, 2, 6]",24 114 158 68
993,"[3, 7, 2, 7]",12 25 15
994,"[3, 7, 3, 1]",12 25 15
995,"[3, 7, 3, 2]",12 25 15
996,"[3, 7, 3, 3]",3 3
997,"[3, 7, 3, 4]",12 25 15
998,"[3, 7, 3, 5]",12 25 15
999,"[3, 7, 3, 6]",12 23 13
1000,"[3, 7, 3, 7]",4 4
1001,"[3, 7, 4, 1]",24 116 162 70
1002,"[3, 7, 4, 2]",24 115 160 69
1003,"[3, 7, 4, 3]",12 25 15
1004,"[3, 7, 4, 4]",12 25 15
1005,"[3, 7, 4, 5]",24 115 160 69
1006,"[3, 7, 4, 6]",24 114 158 68
1007,"[3, 7, 4, 7]",12 25 15
1008,"[3, 7, 5, 1]",24 115 160 69
1009,"[3, 7, 5, 2]",24 114 157 67
1010,"[3, 7, 5, 3]",12 25 15
1011,"[3, 7, 5, 4]",24 115 160 69
1012,"[3, 7, 5, 5]",12 25 15
1013,"[3, 7, 5, 6]",24 115 160 69
1014,"[3, 7, 5, 7]",12 25 15
1015,"[3, 7, 6, 1]",24 115 160 69
1016,"[3, 7, 6, 2]",24 114 158 68
1017,"[3, 7, 6, 3]",12 23 13
1018,"[3, 7, 6, 4]",24 114 158 68
1019,"[3, 7, 6, 5]",24 115 160 69
1020,"[3, 7, 6, 6]",12 25 15
1021,"[3, 7, 6, 7]",12 25 15
1022,"[3, 7, 7, 1]",12 25 15
1023,"[3, 7, 7, 2]",12 25 15
1024,"[3, 7, 7, 3]",4 4
1025,"[3, 7, 7, 4]",12 25 15
1026,"[3, 7, 7, 5]",12 25 15
1027,"[3, 7, 7, 6]",12 25 15
1028,"[3, 7, 7, 7]",3 3
1029,"[4, 1, 1, 1]",3 3
1030,"[4, 1, 1, 2]",12 23 13
1031,"[4, 1, 1, 3]",12 25 15
1032,"[4, 1, 1, 4]",4 4
1033,"[4, 1, 1, 5]",12 25 15
1034,"[4, 1, 1, 6]",12 25 15
1035,"[4, 1, 1, 7]",12 25 15
1036,"[4, 1, 2, 1]",12 23 13
1037,"[4, 1, 2, 2]",12 24 14
1038,"[4, 1, 2, 3]",24 115 160 69
1039,"[4, 1, 2, 4]",12 25 15
1040,"[4, 1, 2, 5]",24 114 157 67
1041,"[4, 1, 2, 6]",24 115 160 69
1042,"[4, 1, 2, 7]",24 115 160 69
1043,"[4, 1, 3, 1]",12 25 15
1044,"[4, 1, 3, 2]",24 115 160 69
1045,"[4, 1, 3, 3]",12 25 15
1046,"[4, 1, 3, 4]",12 25 15
1047,"[4, 1, 3, 5]",24 115 160 69
1048,"[4, 1, 3, 6]",24 116 162 70
1049,"[4, 1, 3, 7]",24 116 162 70
1050,"[4, 1, 4, 1]",4 4
1051,"[4, 1, 4, 2]",12 25 15
1052,"[4, 1, 4, 3]",12 25 15
1053,"[4, 1, 4, 4]",3 3
1054,"[4, 1, 4, 5]",12 25 15
1055,"[4, 1, 4, 6]",12 25 15
1056,"[4, 1, 4, 7]",12 25 15
1057,"[4, 1, 5, 1]",12 25 15
1058,"[4, 1, 5, 2]",24 114 157 67
1059,"[4, 1, 5, 3]",24 115 160 69
1060,"[4, 1, 5, 4]",12 25 15
1061,"[4, 1, 5, 5]",12 25 15
1062,"[4, 1, 5, 6]",24 116 162 70
1063,"[4, 1, 5, 7]",24 116 162 70
1064,"[4, 1, 6, 1]",12 25 15
1065,"[4, 1, 6, 2]",24 115 160 69
1066,"[4, 1, 6, 3]",24 116 162 70
1067,"[4, 1, 6, 4]",12 25 15
1068,"[4, 1, 6, 5]",24 116 162 70
1069,"[4, 1, 6, 6]",12 25 15
1070,"[4, 1, 6, 7]",24 115 160 69
1071,"[4, 1, 7, 1]",12 25 15
1072,"[4, 1, 7, 2]",24 115 160 69
1073,"[4, 1, 7, 3]",24 116 162 70
1074,"[4, 1, 7, 4]",12 25 15
1075,"[4, 1, 7, 5]",24 116 162 70
1076,"[4, 1, 7, 6]",24 115 160 69
1077,"[4, 1, 7, 7]",12 25 15
1078,"[4, 2, 1, 1]",12 23 13
1079,"[4, 2, 1, 2]",12 24 14
1080,"[4, 2, 1, 3]",24 115 160 69
1081,"[4, 2, 1, 4]",12 25 15
1082,"[4, 2, 1, 5]",24 114 157 67
1083,"[4, 2, 1, 6]",24 115 160 69
1084,"[4, 2, 1, 7]",24 115 160 69
1085,"[4, 2, 2, 1]",12 24 14
1086,"[4, 2, 2, 2]",3 3
1087,"[4, 2, 2, 3]",12 24 14
1088,"[4, 2, 2, 4]",4 4
1089,"[4, 2, 2, 5]",12 23 13
1090,"[4, 2, 2, 6]",12 23 13
1091,"[4, 2, 2, 7]",12 23 13
1092,"[4, 2, 3, 1]",24 115 160 69
1093,"[4, 2, 3, 2]",12 24 14
1094,"[4, 2, 3, 3]",12 25 15
1095,"[4, 2, 3, 4]",12 25 15
1096,"[4, 2, 3, 5]",24 114 158 68
1097,"[4, 2, 3, 6]",24 115 160 69
1098,"[4, 2, 3, 7]",24 115 160 69
1099,"[4, 2, 4, 1]",12 25 15
1100,"[4, 2, 4, 2]",4 4
1101,"[4, 2, 4, 3]",12 25 15
1102,"[4, 2, 4, 4]",3 3
1103,"[4, 2, 4, 5]",12 25 15
1104,"[4, 2, 4, 6]",12 25 15
1105,"[4, 2, 4, 7]",12 25 15
1106,"[4, 2, 5, 1]",24 114 157 67
1107,"[4, 2, 5, 2]",12 23 13
1108,"[4, 2, 5, 3]",24 114 158 68
1109,"[4, 2, 5, 4]",12 25 15
1110,"[4, 2, 5, 5]",12 25 15
1111,"[4, 2, 5, 6]",24 115 160 69
1112,"[4, 2, 5, 7]",24 115 160 69
1113,"[4, 2, 6, 1]",24 115 160 69
1114,"[4, 2, 6, 2]",12 23 13
1115,"[4, 2, 6, 3]",24 115 160 69
1116,"[4, 2, 6, 4]",12 25 15
1117,"[4, 2, 6, 5]",24 115 160 69
1118,"[4, 2, 6, 6]",12 25 15
1119,"[4, 2, 6, 7]",24 114 158 68
1120,"[4, 2, 7, 1]",24 115 160 69
1121,"[4, 2, 7, 2]",12 23 13
1122,"[4, 2, 7, 3]",24 115 160 69
1123,"[4, 2, 7, 4]",12 25 15
1124,"[4, 2, 7, 5]",24 115 160 69
1125,"[4, 2, 7, 6]",24 114 158 68
1126,"[4, 2, 7, 7]",12 25 15
1127,"[4, 3, 1, 1]",12 25 15
1128,"[4, 3, 1, 2]",24 115 160 69
1129,"[4, 3, 1, 3]",12 25 15
1130,"[4, 3, 1, 4]",12 25 15
1131,"[4, 3, 1, 5]",24 115 160 69
1132,"[4, 3, 1, 6]",24 116 162 70
1133,"[4, 3, 1, 7]",24 116 162 70
1134,"[4, 3, 2, 1]",24 115 160 69
1135,"[4, 3, 2, 2]",12 24 14
1136,"[4, 3, 2, 3]",12 25 15
1137,"[4, 3, 2, 4]",12 25 15
1138,"[4, 3, 2, 5]",24 114 158 68
1139,"[4, 3, 2, 6]",24 115 160 69
1140,"[4, 3, 2, 7]",24 115 160 69
1141,"[4, 3, 3, 1]",12 25 15
1142,"[4, 3, 3, 2]",12 25 15
1143,"[4, 3, 3, 3]",3 3
1144,"[4, 3, 3, 4]",4 4
1145,"[4, 3, 3, 5]",12 25 15
1146,"[4, 3, 3, 6]",12 24 14
1147,"[4, 3, 3, 7]",12 25 15
1148,"[4, 3, 4, 1]",12 25 15
1149,"[4, 3, 4, 2]",12 25 15
1150,"[4, 3, 4, 3]",4 4
1151,"[4, 3, 4, 4]",3 3
1152,"[4, 3, 4, 5]",12 25 15
1153,"[4, 3, 4, 6]",12 25 15
1154,"[4, 3, 4, 7]",12 25 15
1155,"[4, 3, 5, 1]",24 115 160 69
1156,"[4, 3, 5, 2]",24 114 158 68
1157,"[4, 3, 5, 3]",12 25 15
1158,"[4, 3, 5, 4]",12 25 15
1159,"[4, 3, 5, 5]",12 25 15
1160,"[4, 3, 5, 6]",24 114 158 68
1161,"[4, 3, 5, 7]",24 115 160 69
1162,"[4, 3, 6, 1]",24 116 162 70
1163,"[4, 3, 6, 2]",24 115 160 69
1164,"[4, 3, 6, 3]",12 24 14
1165,"[4, 3, 6, 4]",12 25 15
1166,"[4, 3, 6, 5]",24 114 158 68
1167,"[4, 3, 6, 6]",12 25 15
1168,"[4, 3, 6, 7]",24 114 158 68
1169,"[4, 3, 7, 1]",24 116 162 70
1170,"[4, 3, 7, 2]",24 115 160 69
1171,"[4, 3, 7, 3]",12 25 15
1172,"[4, 3, 7, 4]",12 25 15
1173,"[4, 3, 7, 5]",24 115 160 69
1174,"[4, 3, 7, 6]",24 114 158 68
1175,"[4, 3, 7, 7]",12 25 15
1176,"[4, 4, 1, 1]",4 4
1177,"[4, 4, 1, 2]",12 25 15
1178,"[4, 4, 1, 3]",12 25 15
1179,"[4, 4, 1, 4]",3 3
1180,"[4, 4, 1, 5]",12 25 15
1181,"[4, 4, 1, 6]",12 25 15
1182,"[4, 4, 1, 7]",12 25 15
1183,"[4, 4, 2, 1]",12 25 15
1184,"[4, 4, 2, 2]",4 4
1185,"[4, 4, 2, 3]",12 25 15
1186,"[4, 4, 2, 4]",3 3
1187,"[4, 4, 2, 5]",12 25 15
1188,"[4, 4, 2, 6]",12 25 15
1189,"[4, 4, 2, 7]",12 25 15
1190,"[4, 4, 3, 1]",12 25 15
1191,"[4, 4, 3, 2]",12 25 15
1192,"[4, 4, 3, 3]",4 4
1193,"[4, 4, 3, 4]",3 3
1194,"[4, 4, 3, 5]",12 25 15
1195,"[4, 4, 3, 6]",12 25 15
1196,"[4, 4, 3, 7]",12 25 15
1197,"[4, 4, 4, 1]",3 3
1198,"[4, 4, 4, 2]",3 3
1199,"[4, 4, 4, 3]",3 3
1200,"[4, 4, 4, 4]",
1201,"[4, 4, 4, 5]",3 3
1202,"[4, 4, 4, 6]",3 3
1203,"[4, 4, 4, 7]",3 3
1204,"[4, 4, 5, 1]",12 25 15
1205,"[4, 4, 5, 2]",12 25 15
1206,"[4, 4, 5, 3]",12 25 15
1207,"[4, 4, 5, 4]",3 3
1208,"[4, 4, 5, 5]",4 4
1209,"[4, 4, 5, 6]",12 25 15
1210,"[4, 4, 5, 7]",12 25 15
1211,"[4, 4, 6, 1]",12 25 15
1212,"[4, 4, 6, 2]",12 25 15
1213,"[4, 4, 6, 3]",12 25 15
1214,"[4, 4, 6, 4]",3 3
1215,"[4, 4, 6, 5]",12 25 15
1216,"[4, 4, 6, 6]",4 4
1217,"[4, 4, 6, 7]",12 25 15
1218,"[4, 4, 7, 1]",12 25 15
1219,"[4, 4, 7, 2]",12 25 15
1220,"[4, 4, 7, 3]",12 25 15
1221,"[4, 4, 7, 4]",3 3
1222,"[4, 4, 7, 5]",12 25 15
1223,"[4, 4, 7, 6]",12 25 15
1224,"[4, 4, 7, 7]",4 4
1225,"[4, 5, 1, 1]",12 25 15
1226,"[4, 5, 1, 2]",24 114 157 67
1227,"[4, 5, 1, 3]",24 115 160 69
1228,"[4, 5, 1, 4]",12 25 15
1229,"[4, 5, 1, 5]",12 25 15
1230,"[4, 5, 1, 6]",24 116 162 70
1231,"[4, 5, 1, 7]",24 116 162 70
1232,"[4, 5, 2, 1]",24 114 157 67
1233,"[4, 5, 2, 2]",12 23 13
1234,"[4, 5, 2, 3]",24 114 158 68
1235,"[4, 5, 2, 4]",12 25 15
1236,"[4, 5, 2, 5]",12 25 15
1237,"[4, 5, 2, 6]",24 115 160 69
1238,"[4, 5, 2, 7]",24 115 160 69
1239,"[4, 5, 3, 1]",24 115 160 69
1240,"[4, 5, 3, 2]",24 114 158 68
1241,"[4, 5, 3, 3]",12 25 15
1242,"[4, 5, 3, 4]",12 25 15
1243,"[4, 5, 3, 5]",12 25 15
1244,"[4, 5, 3, 6]",24 114 158 68
1245,"[4, 5, 3, 7]",24 115 160 69
1246,"[4, 5, 4, 1]",12 25 15
1247,"[4, 5, 4, 2]",12 25 15
1248,"[4, 5, 4, 3]",12 25 15
1249,"[4, 5, 4, 4]",3 3
1250,"[4, 5, 4, 5]",4 4
1251,"[4, 5, 4, 6]",12 25 15
1252,"[4, 5, 4, 7]",12 25 15
1253,"[4, 5, 5, 1]",12 25 15
1254,"[4, 5, 5, 2]",12 25 15
1255,"[4, 5, 5, 3]",12 25 15
1256,"[4, 5, 5, 4]",4 4
1257,"[4, 5, 5, 5]",3 3
1258,"[4, 5, 5, 6]",12 25 15
1259,"[4, 5, 5, 7]",12 25 15
1260,"[4, 5, 6, 1]",24 116 162 70
1261,"[4, 5, 6, 2]",24 115 160 69
1262,"[4, 5, 6, 3]",24 114 158 68
1263,"[4, 5, 6, 4]",12 25 15
1264,"[4, 5, 6, 5]",12 25 15
1265,"[4, 5, 6, 6]",12 25 15
1266,"[4, 5, 6, 7]",24 114 158 68
1267,"[4, 5, 7, 1]",24 116 162 70
1268,"[4, 5, 7, 2]",24 115 160 69
1269,"[4, 5, 7, 3]",24 115 160 69
1270,"[4, 5, 7, 4]",12 25 15
1271,"[4, 5, 7, 5]",12 25 15
1272,"[4, 5, 7, 6]",24 114 158 68
1273,"[4, 5, 7, 7]",12 25 15
1274,"[4, 6, 1, 1]",12 25 15
1275,"[4, 6, 1, 2]",24 115 160 69
1276,"[4, 6, 1, 3]",24 116 162 70
1277,"[4, 6, 1, 4]",12 25 15
1278,"[4, 6, 1, 5]",24 116 162 70
1279,"[4, 6, 1, 6]",12 25 15
1280,"[4, 6, 1, 7]",24 115 160 69
1281,"[4, 6, 2, 1]",24 115 160 69
1282,"[4, 6, 2, 2]",12 23 13
1283,"[4, 6, 2, 3]",24 115 160 69
1284,"[4, 6, 2, 4]",12 25 15
1285,"[4, 6, 2, 5]",24 115 160 69
1286,"[4, 6, 2, 6]",12 25 15
1287,"[4, 6, 2, 7]",24 114 158 68
1288,"[4, 6, 3, 1]",24 116 162 70
1289,"[4, 6, 3, 2]",24 115 160 69
1290,"[4, 6, 3, 3]",12 24 14
1291,"[4, 6, 3, 4]",12 25 15
1292,"[4, 6, 3, 5]",24 114 158 68
1293,"[4, 6, 3, 6]",12 25 15
1294,"[4, 6, 3, 7]",24 114 158 68
1295,"[4, 6, 4, 1]",12 25 15
1296,"[4, 6, 4, 2]",12 25 15
1297,"[4, 6, 4, 3]",12 25 15
1298,"[4, 6, 4, 4]",3 3
1299,"[4, 6, 4, 5]",12 25 15
1300,"[4, 6, 4, 6]",4 4
1301,"[4, 6, 4, 7]",12 25 15
1302,"[4, 6, 5, 1]",24 116 162 70
1303,"[4, 6, 5, 2]",24 115 160 69
1304,"[4, 6, 5, 3]",24 114 158 68
1305,"[4, 6, 5, 4]",12 25 15
1306,"[4, 6, 5, 5]",12 25 15
1307,"[4, 6, 5, 6]",12 25 15
1308,"[4, 6, 5, 7]",24 114 158 68
1309,"[4, 6, 6, 1]",12 25 15
1310,"[4, 6, 6, 2]",12 25 15
1311,"[4, 6, 6, 3]",12 25 15
1312,"[4, 6, 6, 4]",4 4
1313,"[4, 6, 6, 5]",12 25 15
1314,"[4, 6, 6, 6]",3 3
1315,"[4, 6, 6, 7]",12 25 15
1316,"[4, 6, 7, 1]",24 115 160 69
1317,"[4, 6, 7, 2]",24 114 158 68
1318,"[4, 6, 7, 3]",24 114 158 68
1319,"[4, 6, 7, 4]",12 25 15
1320,"[4, 6, 7, 5]",24 114 158 68
1321,"[4, 6, 7, 6]",12 25 15
1322,"[4, 6, 7, 7]",12 25 15
1323,"[4, 7, 1, 1]",12 25 15
1324,"[4, 7, 1, 2]",24 115 160 69
1325,"[4, 7, 1, 3]",24 116 162 70
1326,"[4, 7, 1, 4]",12 25 15
1327,"[4, 7, 1, 5]",24 116 162 70
1328,"[4, 7, 1, 6]",24 115 160 69
1329,"[4, 7, 1, 7]",12 25 15
1330,"[4, 7, 2, 1]",24 115 160 69
1331,"[4, 7, 2, 2]",12 23 13
1332,"[4, 7, 2, 3]",24 115 160 69
1333,"[4, 7, 2, 4]",12 25 15
1334,"[4, 7, 2, 5]",24 115 160 69
1335,"[4, 7, 2, 6]",24 114 158 68
1336,"[4, 7, 2, 7]",12 25 15
1337,"[4, 7, 3, 1]",24 116 162 70
1338,"[4, 7, 3, 2]",24 115 160 69
1339,"[4, 7, 3, 3]",12 25 15
1340,"[4, 7, 3, 4]",12 25 15
1341,"[4, 7, 3, 5]",24 115 160 69
1342,"[4, 7, 3, 6]",24 114 158 68
1343,"[4, 7, 3, 7]",12 25 15
1344,"[4, 7, 4, 1]",12 25 15
1345,"[4, 7, 4, 2]",12 25 15
1346,"[4, 7, 4, 3]",12 25 15
1347,"[4, 7, 4, 4]",3 3
1348,"[4, 7, 4, 5]",12 25 15
1349,"[4, 7, 4, 6]",12 25 15
1350,"[4, 7, 4, 7]",4 4
1351,"[4, 7, 5, 1]",24 116 162 70
1352,"[4, 7, 5, 2]",24 115 160 69
1353,"[4, 7, 5, 3]",24 115 160 69
1354,"[4, 7, 5, 4]",12 25 15
1355,"[4, 7, 5, 5]",12 25 15
1356,"[4, 7, 5, 6]",24 114 158 68
1357,"[4, 7, 5, 7]",12 25 15
1358,"[4, 7, 6, 1]",24 115 160 69
1359,"[4, 7, 6, 2]",24 114 158 68
1360,"[4, 7, 6, 3]",24 114 158 68
1361,"[4, 7, 6, 4]",12 25 15
1362,"[4, 7, 6, 5]",24 114 158 68
1363,"[4, 7, 6, 6]",12 25 15
1364,"[4, 7, 6, 7]",12 25 15
1365,"[4, 7, 7, 1]",12 25 15
1366,"[4, 7, 7, 2]",12 25 15
1367,"[4, 7, 7, 3]",12 25 15
1368,"[4, 7, 7, 4]",4 4
1369,"[4, 7, 7, 5]",12 25 15
1370,"[4, 7, 7, 6]",12 25 15
1371,"[4, 7, 7, 7]",3 3
1372,"[5, 1, 1, 1]",3 3
1373,"[5, 1, 1, 2]",12 23 13
1374,"[5, 1, 1, 3]",12 25 15
1375,"[5, 1, 1, 4]",12 25 15
1376,"[5, 1, 1, 5]",4 4
1377,"[5, 1, 1, 6]",12 25 15
1378,"[5, 1, 1, 7]",12 25 15
1379,"[5, 1, 2, 1]",12 23 13
1380,"[5, 1, 2, 2]",12 25 15
1381,"[5, 1, 2, 3]",24 115 160 69
1382,"[5, 1, 2, 4]",24 114 157 67
1383,"[5, 1, 2, 5]",12 25 15
1384,"[5, 1, 2, 6]",24 114 158 68
1385,"[5, 1, 2, 7]",24 115 160 69
1386,"[5, 1, 3, 1]",12 25 15
1387,"[5, 1, 3, 2]",24 115 160 69
1388,"[5, 1, 3, 3]",12 25 15
1389,"[5, 1, 3, 4]",24 115 160 69
1390,"[5, 1, 3, 5]",12 25 15
1391,"[5, 1, 3, 6]",24 115 160 69
1392,"[5, 1, 3, 7]",24 115 160 69
1393,"[5, 1, 4, 1]",12 25 15
1394,"[5, 1, 4, 2]",24 114 157 67
1395,"[5, 1, 4, 3]",24 115 160 69
1396,"[5, 1, 4, 4]",12 25 15
1397,"[5, 1, 4, 5]",12 25 15
1398,"[5, 1, 4, 6]",24 116 162 70
1399,"[5, 1, 4, 7]",24 116 162 70
1400,"[5, 1, 5, 1]",4 4
1401,"[5, 1, 5, 2]",12 25 15
1402,"[5, 1, 5, 3]",12 25 15
1403,"[5, 1, 5, 4]",12 25 15
1404,"[5, 1, 5, 5]",3 3
1405,"[5, 1, 5, 6]",12 25 15
1406,"[5, 1, 5, 7]",12 25 15
1407,"[5, 1, 6, 1]",12 25 15
1408,"[5, 1, 6, 2]",24 114 158 68
1409,"[5, 1, 6, 3]",24 115 160 69
1410,"[5, 1, 6, 4]",24 116 162 70
1411,"[5, 1, 6, 5]",12 25 15
1412,"[5, 1, 6, 6]",12 25 15
1413,"[5, 1, 6, 7]",24 116 162 70
1414,"[5, 1, 7, 1]",12 25 15
1415,"[5, 1, 7, 2]",24 115 160 69
1416,"[5, 1, 7, 3]",24 115 160 69
1417,"[5, 1, 7, 4]",24 116 162 70
1418,"[5, 1, 7, 5]",12 25 15
1419,"[5, 1, 7, 6]",24 116 162 70
1420,"[5, 1, 7, 7]",12 25 15
1421,"[5, 2, 1, 1]",12 23 13
1422,"[5, 2, 1, 2]",12 25 15
1423,"[5, 2, 1, 3]",24 115 160 69
1424,"[5, 2, 1, 4]",24 114 157 67
1425,"[5, 2, 1, 5]",12 25 15
1426,"[5, 2, 1, 6]",24 114 158 68
1427,"[5, 2, 1, 7]",24 115 160 69
1428,"[5, 2, 2, 1]",12 25 15
1429,"[5, 2, 2, 2]",3 3
1430,"[5, 2, 2, 3]",12 25 15
1431,"[5, 2, 2, 4]",12 23 13
1432,"[5, 2, 2, 5]",4 4
1433,"[5, 2, 2, 6]",12 25 15
1434,"[5, 2, 2, 7]",12 25 15
1435,"[5, 2, 3, 1]",24 115 160 69
1436,"[5, 2, 3, 2]",12 25 15
1437,"[5, 2, 3, 3]",12 25 15
1438,"[5, 2, 3, 4]",24 114 158 68
1439,"[5, 2, 3, 5]",12 25 15
1440,"[5, 2, 3, 6]",24 114 158 68
1441,"[5, 2, 3, 7]",24 114 157 67
1442,"[5, 2, 4, 1]",24 114 157 67
1443,"[5, 2, 4, 2]",12 23 13
1444,"[5, 2, 4, 3]",24 114 158 68
1445,"[5, 2, 4, 4]",12 25 15
1446,"[5, 2, 4, 5]",12 25 15
1447,"[5, 2, 4, 6]",24 115 160 69
1448,"[5, 2, 4, 7]",24 115 160 69
1449,"[5, 2, 5, 1]",12 25 15
1450,"[5, 2, 5, 2]",4 4
1451,"[5, 2, 5, 3]",12 25 15
1452,"[5, 2, 5, 4]",12 25 15
1453,"[5, 2, 5, 5]",3 3
1454,"[5, 2, 5, 6]",12 25 15
1455,"[5, 2, 5, 7]",12 25 15
1456,"[5, 2, 6, 1]",24 114 158 68
1457,"[5, 2, 6, 2]",12 25 15
1458,"[5, 2, 6, 3]",24 114 158 68
1459,"[5, 2, 6, 4]",24 115 160 69
1460,"[5, 2, 6, 5]",12 25 15
1461,"[5, 2, 6, 6]",12 25 15
1462,"[5, 2, 6, 7]",24 115 160 69
1463,"[5, 2, 7, 1]",24 115 160 69
1464,"[5, 2, 7, 2]",12 25 15
1465,"[5, 2, 7, 3]",24 114 157 67
1466,"[5, 2, 7, 4]",24 115 160 69
1467,"[5, 2, 7, 5]",12 25 15
1468,"[5, 2, 7, 6]",24 115 160 69
1469,"[5, 2, 7, 7]",12 25 15
1470,"[5, 3, 1, 1]",12 25 15
1471,"[5, 3, 1, 2]",24 115 160 69
1472,"[5, 3, 1, 3]",12 25 15
1473,"[5, 3, 1, 4]",24 115 160 69
1474,"[5, 3, 1, 5]",12 25 15
1475,"[5, 3, 1, 6]",24 115 160 69
1476,"[5, 3, 1, 7]",24 115 160 69
1477,"[5, 3, 2, 1]",24 115 160 69
1478,"[5, 3, 2, 2]",12 25 15
1479,"[5, 3, 2, 3]",12 25 15
1480,"[5, 3, 2, 4]",24 114 158 68
1481,"[5, 3, 2, 5]",12 25 15
1482,"[5, 3, 2, 6]",24 114 158 68
1483,"[5, 3, 2, 7]",24 114 157 67
1484,"[5, 3, 3, 1]",12 25 15
1485,"[5, 3, 3, 2]",12 25 15
1486,"[5, 3, 3, 3]",3 3
1487,"[5, 3, 3, 4]",12 25 15
1488,"[5, 3, 3, 5]",4 4
1489,"[5, 3, 3, 6]",12 24 14
1490,"[5, 3, 3, 7]",12 25 15
1491,"[5, 3, 4, 1]",24 115 160 69
1492,"[5, 3, 4, 2]",24 114 158 68
1493,"[5, 3, 4, 3]",12 25 15
1494,"[5, 3, 4, 4]",12 25 15
1495,"[5, 3, 4, 5]",12 25 15
1496,"[5, 3, 4, 6]",24 114 158 68
1497,"[5, 3, 4, 7]",24 115 160 69
1498,"[5, 3, 5, 1]",12 25 15
1499,"[5, 3, 5, 2]",12 25 15
1500,"[5, 3, 5, 3]",4 4
1501,"[5, 3, 5, 4]",12 25 15
1502,"[5, 3, 5, 5]",3 3
1503,"[5, 3, 5, 6]",12 25 15
1504,"[5, 3, 5, 7]",12 25 15
1505,"[5, 3, 6, 1]",24 115 160 69
1506,"[5, 3, 6, 2]",24 114 158 68
1507,"[5, 3, 6, 3]",12 24 14
1508,"[5, 3, 6, 4]",24 114 158 68
1509,"[5, 3, 6, 5]",12 25 15
1510,"[5, 3, 6, 6]",12 25 15
1511,"[5, 3, 6, 7]",24 115 160 69
1512,"[5, 3, 7, 1]",24 115 160 69
1513,"[5, 3, 7, 2]",24 114 157 67
1514,"[5, 3, 7, 3]",12 25 15
1515,"[5, 3, 7, 4]",24 115 160 69
1516,"[5, 3, 7, 5]",12 25 15
1517,"[5, 3, 7, 6]",24 115 160 69
1518,"[5, 3, 7, 7]",12 25 15
1519,"[5, 4, 1, 1]",12 25 15
1520,"[5, 4, 1, 2]",24 114 157 67
1521,"[5, 4, 1, 3]",24 115 160 69
1522,"[5, 4, 1, 4]",12 25 15
1523,"[5, 4, 1, 5]",12 25 15
1524,"[5, 4, 1, 6]",24 116 162 70
1525,"[5, 4, 1, 7]",24 116 162 70
1526,"[5, 4, 2, 1]",24 114 157 67
1527,"[5, 4, 2, 2]",12 23 13
1528,"[5, 4, 2, 3]",24 114 158 68
1529,"[5, 4, 2, 4]",12 25 15
1530,"[5, 4, 2, 5]",12 25 15
1531,"[5, 4, 2, 6]",24 115 160 69
1532,"[5, 4, 2, 7]",24 115 160 69
1533,"[5, 4, 3, 1]",24 115 160 69
1534,"[5, 4, 3, 2]",24 114 158 68
1535,"[5, 4, 3, 3]",12 25 15
1536,"[5, 4, 3, 4]",12 25 15
1537,"[5, 4, 3, 5]",12 25 15
1538,"[5, 4, 3, 6]",24 114 158 68
1539,"[5, 4, 3, 7]",24 115 160 69
1540,"[5, 4, 4, 1]",12 25 15
1541,"[5, 4, 4, 2]",12 25 15
1542,"[5, 4, 4, 3]",12 25 15
1543,"[5, 4, 4, 4]",3 3
1544,"[5, 4, 4, 5]",4 4
1545,"[5, 4, 4, 6]",12 25 15
1546,"[5, 4, 4, 7]",12 25 15
1547,"[5, 4, 5, 1]",12 25 15
1548,"[5, 4, 5, 2]",12 25 15
1549,"[5, 4, 5, 3]",12 25 15
1550,"[5, 4, 5, 4]",4 4
1551,"[5, 4, 5, 5]",3 3
1552,"[5, 4, 5, 6]",12 25 15
1553,"[5, 4, 5, 7]",12 25 15
1554,"[5, 4, 6, 1]",24 116 162 70
1555,"[5, 4, 6, 2]",24 115 160 69
1556,"[5, 4, 6, 3]",24 114 158 68
1557,"[5, 4, 6, 4]",12 25 15
1558,"[5, 4, 6, 5]",12 25 15
1559,"[5, 4, 6, 6]",12 25 15
1560,"[5, 4, 6, 7]",24 114 158 68
1561,"[5, 4, 7, 1]",24 116 162 70
1562,"[5, 4, 7, 2]",24 115 160 69
1563,"[5, 4, 7, 3]",24 115 160 69
1564,"[5, 4, 7, 4]",12 25 15
1565,"[5, 4, 7, 5]",12 25 15
1566,"[5, 4, 7, 6]",24 114 158 68
1567,"[5, 4, 7, 7]",12 25 15
1568,"[5, 5, 1, 1]",4 4
1569,"[5, 5, 1, 2]",12 25 15
1570,"[5, 5, 1, 3]",12 25 15
1571,"[5, 5, 1, 4]",12 25 15
1572,"[5, 5, 1, 5]",3 3
1573,"[5, 5, 1, 6]",12 25 15
1574,"[5, 5, 1, 7]",12 25 15
1575,"[5, 5, 2, 1]",12 25 15
1576,"[5, 5, 2, 2]",4 4
1577,"[5, 5, 2, 3]",12 25 15
1578,"[5, 5, 2, 4]",12 25 15
1579,"[5, 5, 2, 5]",3 3
1580,"[5, 5, 2, 6]",12 25 15
1581,"[5, 5, 2, 7]",12 25 15
1582,"[5, 5, 3, 1]",12 25 15
1583,"[5, 5, 3, 2]",12 25 15
1584,"[5, 5, 3, 3]",4 4
1585,"[5, 5, 3, 4]",12 25 15
1586,"[5, 5, 3, 5]",3 3
1587,"[5, 5, 3, 6]",12 25 15
1588,"[5, 5, 3, 7]",12 25 15
1589,"[5, 5, 4, 1]",12 25 15
1590,"[5, 5, 4, 2]",12 25 15
1591,"[5, 5, 4, 3]",12 25 15
1592,"[5, 5, 4, 4]",4 4
1593,"[5, 5, 4, 5]",3 3
1594,"[5, 5, 4, 6]",12 25 15
1595,"[5, 5, 4, 7]",12 25 15
1596,"[5, 5, 5, 1]",3 3
1597,"[5, 5, 5, 2]",3 3
1598,"[5, 5, 5, 3]",3 3
1599,"[5, 5, 5, 4]",3 3
1600,"[5, 5, 5, 5]",
1601,"[5, 5, 5, 6]",3 3
1602,"[5, 5, 5, 7]",3 3
1603,"[5, 5, 6, 1]",12 25 15
1604,"[5, 5, 6, 2]",12 25 15
1605,"[5, 5, 6, 3]",12 25 15
1606,"[5, 5, 6, 4]",12 25 15
1607,"[5, 5, 6, 5]",3 3
1608,"[5, 5, 6, 6]",4 4
1609,"[5, 5, 6, 7]",12 25 15
1610,"[5, 5, 7, 1]",12 25 15
1611,"[5, 5, 7, 2]",12 25 15
1612,"[5, 5, 7, 3]",12 25 15
1613,"[5, 5, 7, 4]",12 25 15
1614,"[5, 5, 7, 5]",3 3
1615,"[5, 5, 7, 6]",12 25 15
1616,"[5, 5, 7, 7]",4 4
1617,"[5, 6, 1, 1]",12 25 15
1618,"[5, 6, 1, 2]",24 114 158 68
1619,"[5, 6, 1, 3]",24 115 160 69
1620,"[5, 6, 1, 4]",24 116 162 70
1621,"[5, 6, 1, 5]",12 25 15
1622,"[5, 6, 1, 6]",12 25 15
1623,"[5, 6, 1, 7]",24 116 162 70
1624,"[5, 6, 2, 1]",24 114 158 68
1625,"[5, 6, 2, 2]",12 25 15
1626,"[5, 6, 2, 3]",24 114 158 68
1627,"[5, 6, 2, 4]",24 115 160 69
1628,"[5, 6, 2, 5]",12 25 15
1629,"[5, 6, 2, 6]",12 25 15
1630,"[5, 6, 2, 7]",24 115 160 69
1631,"[5, 6, 3, 1]",24 115 160 69
1632,"[5, 6, 3, 2]",24 114 158 68
1633,"[5, 6, 3, 3]",12 24 14
1634,"[5, 6, 3, 4]",24 114 158 68
1635,"[5, 6, 3, 5]",12 25 15
1636,"[5, 6, 3, 6]",12 25 15
1637,"[5, 6, 3, 7]",24 115 160 69
1638,"[5, 6, 4, 1]",24 116 162 70
1639,"[5, 6, 4, 2]",24 115 160 69
1640,"[5, 6, 4, 3]",24 114 158 68
1641,"[5, 6, 4, 4]",12 25 15
1642,"[5, 6, 4, 5]",12 25 15
1643,"[5, 6, 4, 6]",12 25 15
1644,"[5, 6, 4, 7]",24 114 158 68
1645,"[5, 6, 5, 1]",12 25 15
1646,"[5, 6, 5, 2]",12 25 15
1647,"[5, 6, 5, 3]",12 25 15
1648,"[5, 6, 5, 4]",12 25 15
1649,"[5, 6, 5, 5]",3 3
1650,"[5, 6, 5, 6]",4 4
1651,"[5, 6, 5, 7]",12 25 15
1652,"[5, 6, 6, 1]",12 25 15
1653,"[5, 6, 6, 2]",12 25 15
1654,"[5, 6, 6, 3]",12 25 15
1655,"[5, 6, 6, 4]",12 25 15
1656,"[5, 6, 6, 5]",4 4
1657,"[5, 6, 6, 6]",3 3
1658,"[5, 6, 6, 7]",12 25 15
1659,"[5, 6, 7, 1]",24 116 162 70
1660,"[5, 6, 7, 2]",24 115 160 69
1661,"[5, 6, 7, 3]",24 115 160 69
1662,"[5, 6, 7, 4]",24 114 158 68
1663,"[5, 6, 7, 5]",12 25 15
1664,"[5, 6, 7, 6]",12 25 15
1665,"[5, 6, 7, 7]",12 25 15
1666,"[5, 7, 1, 1]",12 25 15
1667,"[5, 7, 1, 2]",24 115 160 69
1668,"[5, 7, 1, 3]",24 115 160 69
1669,"[5, 7, 1, 4]",24 116 162 70
1670,"[5, 7, 1, 5]",12 25 15
1671,"[5, 7, 1, 6]",24 116 162 70
1672,"[5, 7, 1, 7]",12 25 15
1673,"[5, 7, 2, 1]",24 115 160 69
1674,"[5, 7, 2, 2]",12 25 15
1675,"[5, 7, 2, 3]",24 114 157 67
1676,"[5, 7, 2, 4]",24 115 160 69
1677,"[5, 7, 2, 5]",12 25 15
1678,"[5, 7, 2, 6]",24 115 160 69
1679,"[5, 7, 2, 7]",12 25 15
1680,"[5, 7, 3, 1]",24 115 160 69
1681,"[5, 7, 3, 2]",24 114 157 67
1682,"[5, 7, 3, 3]",12 25 15
1683,"[5, 7, 3, 4]",24 115 160 69
1684,"[5, 7, 3, 5]",12 25 15
1685,"[5, 7, 3, 6]",24 115 160 69
1686,"[5, 7, 3, 7]",12 25 15
1687,"[5, 7, 4, 1]",24 116 162 70
1688,"[5, 7, 4, 2]",24 115 160 69
1689,"[5, 7, 4, 3]",24 115 160 69
1690,"[5, 7, 4, 4]",12 25 15
1691,"[5, 7, 4, 5]",12 25 15
1692,"[5, 7, 4, 6]",24 114 158 68
1693,"[5, 7, 4, 7]",12 25 15
1694,"[5, 7, 5, 1]",12 25 15
1695,"[5, 7, 5, 2]",12 25 15
1696,"[5, 7, 5, 3]",12 25 15
1697,"[5, 7, 5, 4]",12 25 15
1698,"[5, 7, 5, 5]",3 3
1699,"[5, 7, 5, 6]",12 25 15
1700,"[5, 7, 5, 7]",4 4
1701,"[5, 7, 6, 1]",24 116 162 70
1702,"[5, 7, 6, 2]",24 115 160 69
1703,"[5, 7, 6, 3]",24 115 160 69
1704,"[5, 7, 6, 4]",24 114 158 68
1705,"[5, 7, 6, 5]",12 25 15
1706,"[5, 7, 6, 6]",12 25 15
1707,"[5, 7, 6, 7]",12 25 15
1708,"[5, 7, 7, 1]",12 25 15
1709,"[5, 7, 7, 2]",12 25 15
1710,"[5, 7, 7, 3]",12 25 15
1711,"[5, 7, 7, 4]",12 25 15
1712,"[5, 7, 7, 5]",4 4
1713,"[5, 7, 7, 6]",12 25 15
1714,"[5, 7, 7, 7]",3 3
1715,"[6, 1, 1, 1]",3 3
1716,"[6, 1, 1, 2]",12 23 13
1717,"[6, 1, 1, 3]",12 25 15
1718,"[6, 1, 1, 4]",12 25 15
1719,"[6, 1, 1, 5]",12 25 15
1720,"[6, 1, 1, 6]",4 4
1721,"[6, 1, 1, 7]",12 25 15
1722,"[6, 1, 2, 1]",12 23 13
1723,"[6, 1, 2, 2]",12 25 15
1724,"[6, 1, 2, 3]",24 115 160 69
1725,"[6, 1, 2, 4]",24 115 160 69
1726,"[6, 1, 2, 5]",24 114 158 68
1727,"[6, 1, 2, 6]",12 25 15
1728,"[6, 1, 2, 7]",24 114 158 68
1729,"[6, 1, 3, 1]",12 25 15
1730,"[6, 1, 3, 2]",24 115 160 69
1731,"[6, 1, 3, 3]",12 24 14
1732,"[6, 1, 3, 4]",24 116 162 70
1733,"[6, 1, 3, 5]",24 115 160 69
1734,"[6, 1, 3, 6]",12 25 15
1735,"[6, 1, 3, 7]",24 115 160 69
1736,"[6, 1, 4, 1]",12 25 15
1737,"[6, 1, 4, 2]",24 115 160 69
1738,"[6, 1, 4, 3]",24 116 162 70
1739,"[6, 1, 4, 4]",12 25 15
1740,"[6, 1, 4, 5]",24 116 162 70
1741,"[6, 1, 4, 6]",12 25 15
1742,"[6, 1, 4, 7]",24 115 160 69
1743,"[6, 1, 5, 1]",12 25 15
1744,"[6, 1, 5, 2]",24 114 158 68
1745,"[6, 1, 5, 3]",24 115 160 69
1746,"[6, 1, 5, 4]",24 116 162 70
1747,"[6, 1, 5, 5]",12 25 15
1748,"[6, 1, 5, 6]",12 25 15
1749,"[6, 1, 5, 7]",24 116 162 70
1750,"[6, 1, 6, 1]",4 4
1751,"[6, 1, 6, 2]",12 25 15
1752,"[6, 1, 6, 3]",12 25 15
1753,"[6, 1, 6, 4]",12 25 15
1754,"[6, 1, 6, 5]",12 25 15
1755,"[6, 1, 6, 6]",3 3
1756,"[6, 1, 6, 7]",12 25 15
1757,"[6, 1, 7, 1]",12 25 15
1758,"[6, 1, 7, 2]",24 114 158 68
1759,"[6, 1, 7, 3]",24 115 160 69
1760,"[6, 1, 7, 4]",24 115 160 69
1761,"[6, 1, 7, 5]",24 116 162 70
1762,"[6, 1, 7, 6]",12 25 15
1763,"[6, 1, 7, 7]",12 25 15
1764,"[6, 2, 1, 1]",12 23 13
1765,"[6, 2, 1, 2]",12 25 15
1766,"[6, 2, 1, 3]",24 115 160 69
1767,"[6, 2, 1, 4]",24 115 160 69
1768,"[6, 2, 1, 5]",24 114 158 68
1769,"[6, 2, 1, 6]",12 25 15
1770,"[6, 2, 1, 7]",24 114 158 68
1771,"[6, 2, 2, 1]",12 25 15
1772,"[6, 2, 2, 2]",3 3
1773,"[6, 2, 2, 3]",12 25 15
1774,"[6, 2, 2, 4]",12 23 13
1775,"[6, 2, 2, 5]",12 25 15
1776,"[6, 2, 2, 6]",4 4
1777,"[6, 2, 2, 7]",12 25 15
1778,"[6, 2, 3, 1]",24 115 160 69
1779,"[6, 2, 3, 2]",12 25 15
1780,"[6, 2, 3, 3]",12 24 14
1781,"[6, 2, 3, 4]",24 115 160 69
1782,"[6, 2, 3, 5]",24 114 158 68
1783,"[6, 2, 3, 6]",12 25 15
1784,"[6, 2, 3, 7]",24 114 158 68
1785,"[6, 2, 4, 1]",24 115 160 69
1786,"[6, 2, 4, 2]",12 23 13
1787,"[6, 2, 4, 3]",24 115 160 69
1788,"[6, 2, 4, 4]",12 25 15
1789,"[6, 2, 4, 5]",24 115 160 69
1790,"[6, 2, 4, 6]",12 25 15
1791,"[6, 2, 4, 7]",24 114 158 68
1792,"[6, 2, 5, 1]",24 114 158 68
1793,"[6, 2, 5, 2]",12 25 15
1794,"[6, 2, 5, 3]",24 114 158 68
1795,"[6, 2, 5, 4]",24 115 160 69
1796,"[6, 2, 5, 5]",12 25 15
1797,"[6, 2, 5, 6]",12 25 15
1798,"[6, 2, 5, 7]",24 115 160 69
1799,"[6, 2, 6, 1]",12 25 15
1800,"[6, 2, 6, 2]",4 4
1801,"[6, 2, 6, 3]",12 25 15
1802,"[6, 2, 6, 4]",12 25 15
1803,"[6, 2, 6, 5]",12 25 15
1804,"[6, 2, 6, 6]",3 3
1805,"[6, 2, 6, 7]",12 25 15
1806,"[6, 2, 7, 1]",24 114 158 68
1807,"[6, 2, 7, 2]",12 25 15
1808,"[6, 2, 7, 3]",24 114 158 68
1809,"[6, 2, 7, 4]",24 114 158 68
1810,"[6, 2, 7, 5]",24 115 160 69
1811,"[6, 2, 7, 6]",12 25 15
1812,"[6, 2, 7, 7]",12 25 15
1813,"[6, 3, 1, 1]",12 25 15
1814,"[6, 3, 1, 2]",24 115 160 69
1815,"[6, 3, 1, 3]",12 24 14
1816,"[6, 3, 1, 4]",24 116 162 70
1817,"[6, 3, 1, 5]",24 115 160 69
1818,"[6, 3, 1, 6]",12 25 15
1819,"[6, 3, 1, 7]",24 115 160 69
1820,"[6, 3, 2, 1]",24 115 160 69
1821,"[6, 3, 2, 2]",12 25 15
1822,"[6, 3, 2, 3]",12 24 14
1823,"[6, 3, 2, 4]",24 115 160 69
1824,"[6, 3, 2, 5]",24 114 158 68
1825,"[6, 3, 2, 6]",12 25 15
1826,"[6, 3, 2, 7]",24 114 158 68
1827,"[6, 3, 3, 1]",12 24 14
1828,"[6, 3, 3, 2]",12 24 14
1829,"[6, 3, 3, 3]",3 3
1830,"[6, 3, 3, 4]",12 24 14
1831,"[6, 3, 3, 5]",12 24 14
1832,"[6, 3, 3, 6]",4 4
1833,"[6, 3, 3, 7]",12 23 13
1834,"[6, 3, 4, 1]",24 116 162 70
1835,"[6, 3, 4, 2]",24 115 160 69
1836,"[6, 3, 4, 3]",12 24 14
1837,"[6, 3, 4, 4]",12 25 15
1838,"[6, 3, 4, 5]",24 114 158 68
1839,"[6, 3, 4, 6]",12 25 15
1840,"[6, 3, 4, 7]",24 114 158 68
1841,"[6, 3, 5, 1]",24 115 160 69
1842,"[6, 3, 5, 2]",24 114 158 68
1843,"[6, 3, 5, 3]",12 24 14
1844,"[6, 3, 5, 4]",24 114 158 68
1845,"[6, 3, 5, 5]",12 25 15
1846,"[6, 3, 5, 6]",12 25 15
1847,"[6, 3, 5, 7]",24 115 160 69
1848,"[6, 3, 6, 1]",12 25 15
1849,"[6, 3, 6, 2]",12 25 15
1850,"[6, 3, 6, 3]",4 4
1851,"[6, 3, 6, 4]",12 25 15
1852,"[6, 3, 6, 5]",12 25 15
1853,"[6, 3, 6, 6]",3 3
1854,"[6, 3, 6, 7]",12 25 15
1855,"[6, 3, 7, 1]",24 115 160 69
1856,"[6, 3, 7, 2]",24 114 158 68
1857,"[6, 3, 7, 3]",12 23 13
1858,"[6, 3, 7, 4]",24 114 158 68
1859,"[6, 3, 7, 5]",24 115 160 69
1860,"[6, 3, 7, 6]",12 25 15
1861,"[6, 3, 7, 7]",12 25 15
1862,"[6, 4, 1, 1]",12 25 15
1863,"[6, 4, 1, 2]",24 115 160 69
1864,"[6, 4, 1, 3]",24 116 162 70
1865,"[6, 4, 1, 4]",12 25 15
1866,"[6, 4, 1, 5]",24 116 162 70
1867,"[6, 4, 1, 6]",12 25 15
1868,"[6, 4, 1, 7]",24 115 160 69
1869,"[6, 4, 2, 1]",24 115 160 69
1870,"[6, 4, 2, 2]",12 23 13
1871,"[6, 4, 2, 3]",24 115 160 69
1872,"[6, 4, 2, 4]",12 25 15
1873,"[6, 4, 2, 5]",24 115 160 69
1874,"[6, 4, 2, 6]",12 25 15
1875,"[6, 4, 2, 7]",24 114 158 68
1876,"[6, 4, 3, 1]",24 116 162 70
1877,"[6, 4, 3, 2]",24 115 160 69
1878,"[6, 4, 3, 3]",12 24 14
1879,"[6, 4, 3, 4]",12 25 15
1880,"[6, 4, 3, 5]",24 114 158 68
1881,"[6, 4, 3, 6]",12 25 15
1882,"[6, 4, 3, 7]",24 114 158 68
1883,"[6, 4, 4, 1]",12 25 15
1884,"[6, 4, 4, 2]",12 25 15
1885,"[6, 4, 4, 3]",12 25 15
1886,"[6, 4, 4, 4]",3 3
1887,"[6, 4, 4, 5]",12 25 15
1888,"[6, 4, 4, 6]",4 4
1889,"[6, 4, 4, 7]",12 25 15
1890,"[6, 4, 5, 1]",24 116 162 70
1891,"[6, 4, 5, 2]",24 115 160 69
1892,"[6, 4, 5, 3]",24 114 158 68
1893,"[6, 4, 5, 4]",12 25 15
1894,"[6, 4, 5, 5]",12 25 15
1895,"[6, 4, 5, 6]",12 25 15
1896,"[6, 4, 5, 7]",24 114 158 68
1897,"[6, 4, 6, 1]",12 25 15
1898,"[6, 4, 6, 2]",12 25 15
1899,"[6, 4, 6, 3]",12 25 15
1900,"[6, 4, 6, 4]",4 4
1901,"[6, 4, 6, 5]",12 25 15
1902,"[6, 4, 6, 6]",3 3
1903,"[6, 4, 6, 7]",12 25 15
1904,"[6, 4, 7, 1]",24 115 160 69
1905,"[6, 4, 7, 2]",24 114 158 68
1906,"[6, 4, 7, 3]",24 114 158 68
1907,"[6, 4, 7, 4]",12 25 15
1908,"[6, 4, 7, 5]",24 114 158 68
1909,"[6, 4, 7, 6]",12 25 15
1910,"[6, 4, 7, 7]",12 25 15
1911,"[6, 5, 1, 1]",12 25 15
1912,"[6, 5, 1, 2]",24 114 158 68
1913,"[6, 5, 1, 3]",24 115 160 69
1914,"[6, 5, 1, 4]",24 116 162 70
1915,"[6, 5, 1, 5]",12 25 15
1916,"[6, 5, 1, 6]",12 25 15
1917,"[6, 5, 1, 7]",24 116 162 70
1918,"[6, 5, 2, 1]",24 114 158 68
1919,"[6, 5, 2, 2]",12 25 15
1920,"[6, 5, 2, 3]",24 114 158 68
1921,"[6, 5, 2, 4]",24 115 160 69
1922,"[6, 5, 2, 5]",12 25 15
1923,"[6, 5, 2, 6]",12 25 15
1924,"[6, 5, 2, 7]",24 115 160 69
1925,"[6, 5, 3, 1]",24 115 160 69
1926,"[6, 5, 3, 2]",24 114 158 68
1927,"[6, 5, 3, 3]",12 24 14
1928,"[6, 5, 3, 4]",24 114 158 68
1929,"[6, 5, 3, 5]",12 25 15
1930,"[6, 5, 3, 6]",12 25 15
1931,"[6, 5, 3, 7]",24 115 160 69
1932,"[6, 5, 4, 1]",24 116 162 70
1933,"[6, 5, 4, 2]",24 115 160 69
1934,"[6, 5, 4, 3]",24 114 158 68
1935,"[6, 5, 4, 4]",12 25 15
1936,"[6, 5, 4, 5]",12 25 15
1937,"[6, 5, 4, 6]",12 25 15
1938,"[6, 5, 4, 7]",24 114 158 68
1939,"[6, 5, 5, 1]",12 25 15
1940,"[6, 5, 5, 2]",12 25 15
1941,"[6, 5, 5, 3]",12 25 15
1942,"[6, 5, 5, 4]",12 25 15
1943,"[6, 5, 5, 5]",3 3
1944,"[6, 5, 5, 6]",4 4
1945,"[6, 5, 5, 7]",12 25 15
1946,"[6, 5, 6, 1]",12 25 15
1947,"[6, 5, 6, 2]",12 25 15
1948,"[6, 5, 6, 3]",12 25 15
1949,"[6, 5, 6, 4]",12 25 15
1950,"[6, 5, 6, 5]",4 4
1951,"[6, 5, 6, 6]",3 3
1952,"[6, 5, 6, 7]",12 25 15
1953,"[6, 5, 7, 1]",24 116 162 70
1954,"[6, 5, 7, 2]",24 115 160 69
1955,"[6, 5, 7, 3]",24 115 160 69
1956,"[6, 5, 7, 4]",24 114 158 68
1957,"[6, 5, 7, 5]",12 25 15
1958,"[6, 5, 7, 6]",12 25 15
1959,"[6, 5, 7, 7]",12 25 15
1960,"[6, 6, 1, 1]",4 4
1961,"[6, 6, 1, 2]",12 25 15
1962,"[6, 6, 1, 3]",12 25 15
1963,"[6, 6, 1, 4]",12 25 15
1964,"[6, 6, 1, 5]",12 25 15
1965,"[6, 6, 1, 6]",3 3
1966,"[6, 6, 1, 7]",12 25 15
1967,"[6, 6, 2, 1]",12 25 15
1968,"[6, 6, 2, 2]",4 4
1969,"[6, 6, 2, 3]",12 25 15
1970,"[6, 6, 2, 4]",12 25 15
1971,"[6, 6, 2, 5]",12 25 15
1972,"[6, 6, 2, 6]",3 3
1973,"[6, 6, 2, 7]",12 25 15
1974,"[6, 6, 3, 1]",12 25 15
1975,"[6, 6, 3, 2]",12 25 15
1976,"[6, 6, 3, 3]",4 4
1977,"[6, 6, 3, 4]",12 25 15
1978,"[6, 6, 3, 5]",12 25 15
1979,"[6, 6, 3, 6]",3 3
1980,"[6, 6, 3, 7]",12 25 15
1981,"[6, 6, 4, 1]",12 25 15
1982,"[6, 6, 4, 2]",12 25 15
1983,"[6, 6, 4, 3]",12 25 15
1984,"[6, 6, 4, 4]",4 4
1985,"[6, 6, 4, 5]",12 25 15
1986,"[6, 6, 4, 6]",3 3
1987,"[6, 6, 4, 7]",12 25 15
1988,"[6, 6, 5, 1]",12 25 15
1989,"[6, 6, 5, 2]",12 25 15
1990,"[6, 6, 5, 3]",12 25 15
1991,"[6, 6, 5, 4]",12 25 15
1992,"[6, 6, 5, 5]",4 4
1993,"[6, 6, 5, 6]",3 3
1994,"[6, 6, 5, 7]",12 25 15
1995,"[6, 6, 6, 1]",3 3
1996,"[6, 6, 6, 2]",3 3
1997,"[6, 6, 6, 3]",3 3
1998,"[6, 6, 6, 4]",3 3
1999,"[6, 6, 6, 5]",3 3
2000,"[6, 6, 6, 6]",
2001,"[6, 6, 6, 7]",3 3
2002,"[6, 6, 7, 1]",12 25 15
2003,"[6, 6, 7, 2]",12 25 15
2004,"[6, 6, 7, 3]",12 25 15
2005,"[6, 6, 7, 4]",12 25 15
2006,"[6, 6, 7, 5]",12 25 15
2007,"[6, 6, 7, 6]",3 3
2008,"[6, 6, 7, 7]",4 4
2009,"[6, 7, 1, 1]",12 25 15
2010,"[6, 7, 1, 2]",24 114 158 68
2011,"[6, 7, 1, 3]",24 115 160 69
2012,"[6, 7, 1, 4]",24 115 160 69
2013,"[6, 7, 1, 5]",24 116 162 70
2014,"[6, 7, 1, 6]",12 25 15
2015,"[6, 7, 1, 7]",12 25 15
2016,"[6, 7, 2, 1]",24 114 158 68
2017,"[6, 7, 2, 2]",12 25 15
2018,"[6, 7, 2, 3]",24 114 158 68
2019,"[6, 7, 2, 4]",24 114 158 68
2020,"[6, 7, 2, 5]",24 115 160 69
2021,"[6, 7, 2, 6]",12 25 15
2022,"[6, 7, 2, 7]",12 25 15
2023,"[6, 7, 3, 1]",24 115 160 69
2024,"[6, 7, 3, 2]",24 114 158 68
2025,"[6, 7, 3, 3]",12 23 13
2026,"[6, 7, 3, 4]",24 114 158 68
2027,"[6, 7, 3, 5]",24 115 160 69
2028,"[6, 7, 3, 6]",12 25 15
2029,"[6, 7, 3, 7]",12 25 15
2030,"[6, 7, 4, 1]",24 115 160 69
2031,"[6, 7, 4, 2]",24 114 158 68
2032,"[6, 7, 4, 3]",24 114 158 68
2033,"[6, 7, 4, 4]",12 25 15
2034,"[6, 7, 4, 5]",24 114 158 68
2035,"[6, 7, 4, 6]",12 25 15
2036,"[6, 7, 4, 7]",12 25 15
2037,"[6, 7, 5, 1]",24 116 162 70
2038,"[6, 7, 5, 2]",24 115 160 69
2039,"[6, 7, 5, 3]",24 115 160 69
2040,"[6, 7, 5, 4]",24 114 158 68
2041,"[6, 7, 5, 5]",12 25 15
2042,"[6, 7, 5, 6]",12 25 15
2043,"[6, 7, 5, 7]",12 25 15
2044,"[6, 7, 6, 1]",12 25 15
2045,"[6, 7, 6, 2]",12 25 15
2046,"[6, 7, 6, 3]",12 25 15
2047,"[6, 7, 6, 4]",12 25 15
2048,"[6, 7, 6, 5]",12 25 15
2049,"[6, 7, 6, 6]",3 3
2050,"[6, 7, 6, 7]",4 4
2051,"[6, 7, 7, 1]",12 25 15
2052,"[6, 7, 7, 2]",12 25 15
2053,"[6, 7, 7, 3]",12 25 15
2054,"[6, 7, 7, 4]",12 25 15
2055,"[6, 7, 7, 5]",12 25 15
2056,"[6, 7, 7, 6]",4 4
2057,"[6, 7, 7, 7]",3 3
2058,"[7, 1, 1, 1]",3 3
2059,"[7, 1, 1, 2]",12 23 13
2060,"[7, 1, 1, 3]",12 25 15
2061,"[7, 1, 1, 4]",12 25 15
2062,"[7, 1, 1, 5]",12 25 15
2063,"[7, 1, 1, 6]",12 25 15
2064,"[7, 1, 1, 7]",4 4
2065,"[7, 1, 2, 1]",12 23 13
2066,"[7, 1, 2, 2]",12 25 15
2067,"[7, 1, 2, 3]",24 115 160 69
2068,"[7, 1, 2, 4]",24 115 160 69
2069,"[7, 1, 2, 5]",24 115 160 69
2070,"[7, 1, 2, 6]",24 114 158 68
2071,"[7, 1, 2, 7]",12 25 15
2072,"[7, 1, 3, 1]",12 25 15
2073,"[7, 1, 3, 2]",24 115 160 69
2074,"[7, 1, 3, 3]",12 25 15
2075,"[7, 1, 3, 4]",24 116 162 70
2076,"[7, 1, 3, 5]",24 115 160 69
2077,"[7, 1, 3, 6]",24 115 160 69
2078,"[7, 1, 3, 7]",12 25 15
2079,"[7, 1, 4, 1]",12 25 15
2080,"[7, 1, 4, 2]",24 115 160 69
2081,"[7, 1, 4, 3]",24 116 162 70
2082,"[7, 1, 4, 4]",12 25 15
2083,"[7, 1, 4, 5]",24 116 162 70
2084,"[7, 1, 4, 6]",24 115 160 69
2085,"[7, 1, 4, 7]",12 25 15
2086,"[7, 1, 5, 1]",12 25 15
2087,"[7, 1, 5, 2]",24 115 160 69
2088,"[7, 1, 5, 3]",24 115 160 69
2089,"[7, 1, 5, 4]",24 116 162 70
2090,"[7, 1, 5, 5]",12 25 15
2091,"[7, 1, 5, 6]",24 116 162 70
2092,"[7, 1, 5, 7]",12 25 15
2093,"[7, 1, 6, 1]",12 25 15
2094,"[7, 1, 6, 2]",24 114 158 68
2095,"[7, 1, 6, 3]",24 115 160 69
2096,"[7, 1, 6, 4]",24 115 160 69
2097,"[7, 1, 6, 5]",24 116 162 70
2098,"[7, 1, 6, 6]",12 25 15
2099,"[7, 1, 6, 7]",12 25 15
2100,"[7, 1, 7, 1]",4 4
2101,"[7, 1, 7, 2]",12 25 15
2102,"[7, 1, 7, 3]",12 25 15
2103,"[7, 1, 7, 4]",12 25 15
2104,"[7, 1, 7, 5]",12 25 15
2105,"[7, 1, 7, 6]",12 25 15
2106,"[7, 1, 7, 7]",3 3
2107,"[7, 2, 1, 1]",12 23 13
2108,"[7, 2, 1, 2]",12 25 15
2109,"[7, 2, 1, 3]",24 115 160 69
2110,"[7, 2, 1, 4]",24 115 160 69
2111,"[7, 2, 1, 5]",24 115 160 69
2112,"[7, 2, 1, 6]",24 114 158 68
2113,"[7, 2, 1, 7]",12 25 15
2114,"[7, 2, 2, 1]",12 25 15
2115,"[7, 2, 2, 2]",3 3
2116,"[7, 2, 2, 3]",12 25 15
2117,"[7, 2, 2, 4]",12 23 13
2118,"[7, 2, 2, 5]",12 25 15
2119,"[7, 2, 2, 6]",12 25 15
2120,"[7, 2, 2, 7]",4 4
2121,"[7, 2, 3, 1]",24 115 160 69
2122,"[7, 2, 3, 2]",12 25 15
2123,"[7, 2, 3, 3]",12 25 15
2124,"[7, 2, 3, 4]",24 115 160 69
2125,"[7, 2, 3, 5]",24 114 157 67
2126,"[7, 2, 3, 6]",24 114 158 68
2127,"[7, 2, 3, 7]",12 25 15
2128,"[7, 2, 4, 1]",24 115 160 69
2129,"[7, 2, 4, 2]",12 23 13
2130,"[7, 2, 4, 3]",24 115 160 69
2131,"[7, 2, 4, 4]",12 25 15
2132,"[7, 2, 4, 5]",24 115 160 69
2133,"[7, 2, 4, 6]",24 114 158 68
2134,"[7, 2, 4, 7]",12 25 15
2135,"[7, 2, 5, 1]",24 115 160 69
2136,"[7, 2, 5, 2]",12 25 15
2137,"[7, 2, 5, 3]",24 114 157 67
2138,"[7, 2, 5, 4]",24 115 160 69
2139,"[7, 2, 5, 5]",12 25 15
2140,"[7, 2, 5, 6]",24 115 160 69
2141,"[7, 2, 5, 7]",12 25 15
2142,"[7, 2, 6, 1]",24 114 158 68
2143,"[7, 2, 6, 2]",12 25 15
2144,"[7, 2, 6, 3]",24 114 158 68
2145,"[7, 2, 6, 4]",24 114 158 68
2146,"[7, 2, 6, 5]",24 115 160 69
2147,"[7, 2, 6, 6]",12 25 15
2148,"[7, 2, 6, 7]",12 25 15
2149,"[7, 2, 7, 1]",12 25 15
2150,"[7, 2, 7, 2]",4 4
2151,"[7, 2, 7, 3]",12 25 15
2152,"[7, 2, 7, 4]",12 25 15
2153,"[7, 2, 7, 5]",12 25 15
2154,"[7, 2, 7, 6]",12 25 15
2155,"[7, 2, 7, 7]",3 3
2156,"[7, 3, 1, 1]",12 25 15
2157,"[7, 3, 1, 2]",24 115 160 69
2158,"[7, 3, 1, 3]",12 25 15
2159,"[7, 3, 1, 4]",24 116 162 70
2160,"[7, 3, 1, 5]",24 115 160 69
2161,"[7, 3, 1, 6]",24 115 160 69
2162,"[7, 3, 1, 7]",12 25 15
2163,"[7, 3, 2, 1]",24 115 160 69
2164,"[7, 3, 2, 2]",12 25 15
2165,"[7, 3, 2, 3]",12 25 15
2166,"[7, 3, 2, 4]",24 115 160 69
2167,"[7, 3, 2, 5]",24 114 157 67
2168,"[7, 3, 2, 6]",24 114 158 68
2169,"[7, 3, 2, 7]",12 25 15
2170,"[7, 3, 3, 1]",12 25 15
2171,"[7, 3, 3, 2]",12 25 15
2172,"[7, 3, 3, 3]",3 3
2173,"[7, 3, 3, 4]",12 25 15
2174,"[7, 3, 3, 5]",12 25 15
2175,"[7, 3, 3, 6]",12 23 13
2176,"[7, 3, 3, 7]",4 4
2177,"[7, 3, 4, 1]",24 116 162 70
2178,"[7, 3, 4, 2]",24 115 160 69
2179,"[7, 3, 4, 3]",12 25 15
2180,"[7, 3, 4, 4]",12 25 15
2181,"[7, 3, 4, 5]",24 115 160 69
2182,"[7, 3, 4, 6]",24 114 158 68
2183,"[7, 3, 4, 7]",12 25 15
2184,"[7, 3, 5, 1]",24 115 160 69
2185,"[7, 3, 5, 2]",24 114 157 67
2186,"[7, 3, 5, 3]",12 25 15
2187,"[7, 3, 5, 4]",24 115 160 69
2188,"[7, 3, 5, 5]",12 25 15
2189,"[7, 3, 5, 6]",24 115 160 69
2190,"[7, 3, 5, 7]",12 25 15
2191,"[7, 3, 6, 1]",24 115 160 69
2192,"[7, 3, 6, 2]",24 114 158 68
2193,"[7, 3, 6, 3]",12 23 13
2194,"[7, 3, 6, 4]",24 114 158 68
2195,"[7, 3, 6, 5]",24 115 160 69
2196,"[7, 3, 6, 6]",12 25 15
2197,"[7, 3, 6, 7]",12 25 15
2198,"[7, 3, 7, 1]",12 25 15
2199,"[7, 3, 7, 2]",12 25 15
2200,"[7, 3, 7, 3]",4 4
2201,"[7, 3, 7, 4]",12 25 15
2202,"[7, 3, 7, 5]",12 25 15
2203,"[7, 3, 7, 6]",12 25 15
2204,"[7, 3, 7, 7]",3 3
2205,"[7, 4, 1, 1]",12 25 15
2206,"[7, 4, 1, 2]",24 115 160 69
2207,"[7, 4, 1, 3]",24 116 162 70
2208,"[7, 4, 1, 4]",12 25 15
2209,"[7, 4, 1, 5]",24 116 162 70
2210,"[7, 4, 1, 6]",24 115 160 69
2211,"[7, 4, 1, 7]",12 25 15
2212,"[7, 4, 2, 1]",24 115 160 69
2213,"[7, 4, 2, 2]",12 23 13
2214,"[7, 4, 2, 3]",24 115 160 69
2215,"[7, 4, 2, 4]",12 25 15
2216,"[7, 4, 2, 5]",24 115 160 69
2217,"[7, 4, 2, 6]",24 114 158 68
2218,"[7, 4, 2, 7]",12 25 15
2219,"[7, 4, 3, 1]",24 116 162 70
2220,"[7, 4, 3, 2]",24 115 160 69
2221,"[7, 4, 3, 3]",12 25 15
2222,"[7, 4, 3, 4]",12 25 15
2223,"[7, 4, 3, 5]",24 115 160 69
2224,"[7, 4, 3, 6]",24 114 158 68
2225,"[7, 4, 3, 7]",12 25 15
2226,"[7, 4, 4, 1]",12 25 15
2227,"[7, 4, 4, 2]",12 25 15
2228,"[7, 4, 4, 3]",12 25 15
2229,"[7, 4, 4, 4]",3 3
2230,"[7, 4, 4, 5]",12 25 15
2231,"[7, 4, 4, 6]",12 25 15
2232,"[7, 4, 4, 7]",4 4
2233,"[7, 4, 5, 1]",24 116 162 70
2234,"[7, 4, 5, 2]",24 115 160 69
2235,"[7, 4, 5, 3]",24 115 160 69
2236,"[7, 4, 5, 4]",12 25 15
2237,"[7, 4, 5, 5]",12 25 15
2238,"[7, 4, 5, 6]",24 114 158 68
2239,"[7, 4, 5, 7]",12 25 15
2240,"[7, 4, 6, 1]",24 115 160 69
2241,"[7, 4, 6, 2]",24 114 158 68
2242,"[7, 4, 6, 3]",24 114 158 68
2243,"[7, 4, 6, 4]",12 25 15
2244,"[7, 4, 6, 5]",24 114 158 68
2245,"[7, 4, 6, 6]",12 25 15
2246,"[7, 4, 6, 7]",12 25 15
2247,"[7, 4, 7, 1]",12 25 15
2248,"[7, 4, 7, 2]",12 25 15
2249,"[7, 4, 7, 3]",12 25 15
2250,"[7, 4, 7, 4]",4 4
2251,"[7, 4, 7, 5]",12 25 15
2252,"[7, 4, 7, 6]",12 25 15
2253,"[7, 4, 7, 7]",3 3
2254,"[7, 5, 1, 1]",12 25 15
2255,"[7, 5, 1, 2]",24 115 160 69
2256,"[7, 5, 1, 3]",24 115 160 69
2257,"[7, 5, 1, 4]",24 116 162 70
2258,"[7, 5, 1, 5]",12 25 15
2259,"[7, 5, 1, 6]",24 116 162 70
2260,"[7, 5, 1, 7]",12 25 15
2261,"[7, 5, 2, 1]",24 115 160 69
2262,"[7, 5, 2, 2]",12 25 15
2263,"[7, 5, 2, 3]",24 114 157 67
2264,"[7, 5, 2, 4]",24 115 160 69
2265,"[7, 5, 2, 5]",12 25 15
2266,"[7, 5, 2, 6]",24 115 160 69
2267,"[7, 5, 2, 7]",12 25 15
2268,"[7, 5, 3, 1]",24 115 160 69
2269,"[7, 5, 3, 2]",24 114 157 67
2270,"[7, 5, 3, 3]",12 25 15
2271,"[7, 5, 3, 4]",24 115 160 69
2272,"[7, 5, 3, 5]",12 25 15
2273,"[7, 5, 3, 6]",24 115 160 69
2274,"[7, 5, 3, 7]",12 25 15
2275,"[7, 5, 4, 1]",24 116 162 70
2276,"[7, 5, 4, 2]",24 115 160 69
2277,"[7, 5, 4, 3]",24 115 160 69
2278,"[7, 5, 4, 4]",12 25 15
2279,"[7, 5, 4, 5]",12 25 15
2280,"[7, 5, 4, 6]",24 114 158 68
2281,"[7, 5, 4, 7]",12 25 15
2282,"[7, 5, 5, 1]",12 25 15
2283,"[7, 5, 5, 2]",12 25 15
2284,"[7, 5, 5, 3]",12 25 15
2285,"[7, 5, 5, 4]",12 25 15
2286,"[7, 5, 5, 5]",3 3
2287,"[7, 5, 5, 6]",12 25 15
2288,"[7, 5, 5, 7]",4 4
2289,"[7, 5, 6, 1]",24 116 162 70
2290,"[7, 5, 6, 2]",24 115 160 69
2291,"[7, 5, 6, 3]",24 115 160 69
2292,"[7, 5, 6, 4]",24 114 158 68
2293,"[7, 5, 6, 5]",12 25 15
2294,"[7, 5, 6, 6]",12 25 15
2295,"[7, 5, 6, 7]",12 25 15
2296,"[7, 5, 7, 1]",12 25 15
2297,"[7, 5, 7, 2]",12 25 15
2298,"[7, 5, 7, 3]",12 25 15
2299,"[7, 5, 7, 4]",12 25 15
2300,"[7, 5, 7, 5]",4 4
2301,"[7, 5, 7, 6]",12 25 15
2302,"[7, 5, 7, 7]",3 3
2303,"[7, 6, 1, 1]",12 25 15
2304,"[7, 6, 1, 2]",24 114 158 68
2305,"[7, 6, 1, 3]",24 115 160 69
2306,"[7, 6, 1, 4]",24 115 160 69
2307,"[7, 6, 1, 5]",24 116 162 70
2308,"[7, 6, 1, 6]",12 25 15
2309,"[7, 6, 1, 7]",12 25 15
2310,"[7, 6, 2, 1]",24 114 158 68
2311,"[7, 6, 2, 2]",12 25 15
2312,"[7, 6, 2, 3]",24 114 158 68
2313,"[7, 6, 2, 4]",24 114 158 68
2314,"[7, 6, 2, 5]",24 115 160 69
2315,"[7, 6, 2, 6]",12 25 15
2316,"[7, 6, 2, 7]",12 25 15
2317,"[7, 6, 3, 1]",24 115 160 69
2318,"[7, 6, 3, 2]",24 114 158 68
2319,"[7, 6, 3, 3]",12 23 13
2320,"[7, 6, 3, 4]",24 114 158 68
2321,"[7, 6, 3, 5]",24 115 160 69
2322,"[7, 6, 3, 6]",12 25 15
2323,"[7, 6, 3, 7]",12 25 15
2324,"[7, 6, 4, 1]",24 115 160 69
2325,"[7, 6, 4, 2]",24 114 158 68
2326,"[7, 6, 4, 3]",24 114 158 68
2327,"[7, 6, 4, 4]",12 25 15
2328,"[7, 6, 4, 5]",24 114 158 68
2329,"[7, 6, 4, 6]",12 25 15
2330,"[7, 6, 4, 7]",12 25 15
2331,"[7, 6, 5, 1]",24 116 162 70
2332,"[7, 6, 5, 2]",24 115 160 69
2333,"[7, 6, 5, 3]",24 115 160 69
2334,"[7, 6, 5, 4]",24 114 158 68
2335,"[7, 6, 5, 5]",12 25 15
2336,"[7, 6, 5, 6]",12 25 15
2337,"[7, 6, 5, 7]",12 25 15
2338,"[7, 6, 6, 1]",12 25 15
2339,"[7, 6, 6, 2]",12 25 15
2340,"[7, 6, 6, 3]",12 25 15
2341,"[7, 6, 6, 4]",12 25 15
2342,"[7, 6, 6, 5]",12 25 15
2343,"[7, 6, 6, 6]",3 3
2344,"[7, 6, 6, 7]",4 4
2345,"[7, 6, 7, 1]",12 25 15
2346,"[7, 6, 7, 2]",12 25 15
2347,"[7, 6, 7, 3]",12 25 15
2348,"[7, 6, 7, 4]",12 25 15
2349,"[7, 6, 7, 5]",12 25 15
2350,"[7, 6, 7, 6]",4 4
2351,"[7, 6, 7, 7]",3 3
2352,"[7, 7, 1, 1]",4 4
2353,"[7, 7, 1, 2]",12 25 15
2354,"[7, 7, 1, 3]",12 25 15
2355,"[7, 7, 1, 4]",12 25 15
2356,"[7, 7, 1, 5]",12 25 15
2357,"[7, 7, 1, 6]",12 25 15
2358,"[7, 7, 1, 7]",3 3
2359,"[7, 7, 2, 1]",12 25 15
2360,"[7, 7, 2, 2]",4 4
2361,"[7, 7, 2, 3]",12 25 15
2362,"[7, 7, 2, 4]",12 25 15
2363,"[7, 7, 2, 5]",12 25 15
2364,"[7, 7, 2, 6]",12 25 15
2365,"[7, 7, 2, 7]",3 3
2366,"[7, 7, 3, 1]",12 25 15
2367,"[7, 7, 3, 2]",12 25 15
2368,"[7, 7, 3, 3]",4 4
2369,"[7, 7, 3, 4]",12 25 15
2370,"[7, 7, 3, 5]",12 25 15
2371,"[7, 7, 3, 6]",12 25 15
2372,"[7, 7, 3, 7]",3 3
2373,"[7, 7, 4, 1]",12 25 15
2374,"[7, 7, 4, 2]",12 25 15
2375,"[7, 7, 4, 3]",12 25 15
2376,"[7, 7, 4, 4]",4 4
2377,"[7, 7, 4, 5]",12 25 15
2378,"[7, 7, 4, 6]",12 25 15
2379,"[7, 7, 4, 7]",3 3
2380,"[7, 7, 5, 1]",12 25 15
2381,"[7, 7, 5, 2]",12 25 15
2382,"[7, 7, 5, 3]",12 25 15
2383,"[7, 7, 5, 4]",12 25 15
2384,"[7, 7, 5, 5]",4 4
2385,"[7, 7, 5, 6]",12 25 15
2386,"[7, 7, 5, 7]",3 3
2387,"[7, 7, 6, 1]",12 25 15
2388,"[7, 7, 6, 2]",12 25 15
2389,"[7, 7, 6, 3]",12 25 15
2390,"[7, 7, 6, 4]",12 25 15
2391,"[7, 7, 6, 5]",12 25 15
2392,"[7, 7, 6, 6]",4 4
2393,"[7, 7, 6, 7]",3 3
2394,"[7, 7, 7, 1]",3 3
2395,"[7, 7, 7, 2]",3 3
2396,"[7, 7, 7, 3]",3 3
2397,"[7, 7, 7, 4]",3 3
2398,"[7, 7, 7, 5]",3 3
2399,"[7, 7, 7, 6]",3 3
2400,"[7, 7, 7, 7]",
