,vertice,f_vector
0,"[73, 99, 88, 55, 95]",120 1110 2582 2304 714
1,"[92, 97, 16, 59, 99]",120 1120 2612 2334 724
2,"[33, 45, 92, 2, 43]",120 1170 2772 2504 784
3,"[63, 4, 97, 21, 53]",120 1157 2727 2453 765
4,"[86, 46, 22, 9, 94]",120 1125 2627 2349 729
5,"[9, 13, 29, 14, 36]",120 1122 2618 2340 726
6,"[80, 28, 74, 31, 4]",120 1132 2648 2370 736
7,"[64, 43, 94, 53, 75]",120 1118 2606 2328 722
8,"[32, 13, 74, 95, 58]",120 1143 2683 2407 749
9,"[80, 40, 60, 77, 95]",120 1131 2648 2373 738
10,"[50, 49, 92, 65, 21]",120 1137 2663 2385 741
11,"[26, 3, 9, 32, 88]",120 1163 2751 2483 777
12,"[84, 20, 98, 76, 58]",120 1136 2662 2386 742
13,"[55, 93, 78, 19, 18]",120 1125 2629 2353 731
14,"[43, 79, 9, 11, 31]",120 1147 2698 2425 756
15,"[76, 5, 34, 30, 75]",120 1122 2618 2340 726
16,"[3, 28, 93, 55, 90]",120 1127 2633 2355 731
17,"[46, 100, 29, 61, 42]",120 1132 2648 2370 736
18,"[51, 50, 2, 85, 53]",120 1144 2684 2406 748
19,"[8, 68, 93, 35, 29]",120 1135 2657 2379 739
20,"[85, 3, 8, 48, 22]",120 1151 2712 2441 762
21,"[63, 19, 2, 28, 14]",120 1162 2744 2472 772
22,"[24, 89, 96, 99, 54]",120 1116 2600 2322 720
23,"[23, 58, 16, 42, 75]",120 1129 2641 2365 735
24,"[88, 61, 15, 52, 43]",120 1148 2698 2422 754
25,"[100, 77, 97, 20, 83]",120 1127 2633 2355 731
26,"[52, 18, 13, 61, 89]",120 1140 2676 2402 748
27,"[63, 45, 60, 31, 22]",120 1112 2588 2310 716
28,"[36, 62, 18, 76, 53]",120 1136 2662 2386 742
29,"[25, 70, 37, 73, 7]",120 1122 2618 2340 726
30,"[93, 17, 55, 28, 16]",120 1130 2645 2370 737
31,"[75, 97, 37, 66, 7]",120 1148 2698 2422 754
32,"[50, 78, 51, 3, 89]",120 1143 2681 2403 747
33,"[56, 32, 7, 39, 12]",120 1144 2688 2414 752
34,"[64, 55, 61, 62, 46]",120 1112 2588 2310 716
35,"[18, 34, 85, 16, 94]",120 1119 2611 2335 725
36,"[98, 80, 66, 50, 89]",120 1112 2588 2310 716
37,"[68, 90, 4, 95, 16]",120 1136 2662 2386 742
38,"[54, 94, 25, 22, 60]",120 1140 2676 2402 748
39,"[10, 74, 77, 44, 4]",120 1122 2620 2344 728
40,"[93, 26, 81, 82, 100]",120 1133 2651 2373 737
41,"[44, 25, 59, 33, 55]",120 1110 2582 2304 714
42,"[48, 2, 75, 25, 32]",120 1146 2692 2416 752
43,"[15, 52, 76, 42, 1]",120 1162 2742 2468 770
44,"[75, 31, 88, 60, 34]",120 1122 2618 2340 726
45,"[14, 33, 70, 63, 98]",120 1149 2703 2429 757
46,"[27, 38, 59, 88, 42]",120 1129 2639 2361 733
47,"[32, 36, 49, 63, 33]",120 1110 2582 2304 714
48,"[51, 55, 97, 26, 65]",120 1140 2672 2394 744
49,"[24, 35, 97, 92, 17]",120 1119 2611 2335 725
50,"[75, 14, 87, 78, 34]",120 1140 2676 2402 748
51,"[78, 37, 100, 63, 24]",120 1131 2647 2371 737
52,"[45, 6, 34, 46, 28]",120 1122 2618 2340 726
53,"[2, 69, 20, 65, 14]",120 1127 2635 2359 733
54,"[85, 16, 21, 17, 60]",120 1118 2608 2332 724
55,"[11, 9, 5, 21, 92]",120 1153 2719 2449 765
56,"[58, 44, 11, 99, 95]",120 1122 2618 2340 726
57,"[50, 49, 2, 54, 22]",120 1151 2709 2435 759
58,"[38, 60, 77, 5, 39]",120 1143 2681 2403 747
59,"[38, 29, 91, 89, 16]",120 1122 2618 2340 726
60,"[88, 24, 20, 51, 44]",120 1142 2682 2408 750
61,"[85, 43, 91, 27, 41]",120 1122 2618 2340 726
62,"[43, 21, 4, 2, 41]",120 1128 2638 2362 734
63,"[34, 53, 12, 98, 9]",120 1143 2684 2409 750
64,"[31, 10, 67, 95, 38]",120 1135 2657 2379 739
65,"[95, 59, 18, 42, 73]",120 1143 2683 2407 749
66,"[31, 90, 40, 38, 23]",120 1151 2709 2435 759
67,"[31, 57, 9, 85, 93]",120 1125 2627 2349 729
68,"[64, 65, 40, 86, 17]",120 1149 2703 2429 757
69,"[78, 85, 20, 49, 59]",120 1127 2633 2355 731
70,"[21, 76, 54, 52, 29]",120 1140 2676 2402 748
71,"[53, 38, 2, 44, 15]",120 1147 2695 2419 753
72,"[29, 61, 5, 12, 66]",120 1125 2629 2353 731
73,"[78, 30, 96, 41, 69]",120 1130 2644 2368 736
74,"[41, 94, 7, 13, 27]",120 1148 2701 2428 757
75,"[4, 58, 23, 34, 97]",120 1158 2731 2458 767
76,"[93, 52, 63, 57, 82]",120 1110 2582 2304 714
77,"[55, 6, 53, 51, 72]",120 1144 2684 2406 748
78,"[96, 42, 54, 56, 58]",120 1145 2689 2413 751
79,"[8, 43, 17, 9, 56]",120 1126 2632 2356 732
80,"[33, 48, 31, 99, 19]",120 1136 2662 2386 742
81,"[7, 27, 57, 36, 29]",120 1143 2681 2403 747
82,"[31, 51, 29, 52, 95]",120 1140 2676 2402 748
83,"[24, 16, 9, 2, 46]",120 1155 2724 2453 766
84,"[97, 80, 43, 63, 20]",120 1129 2640 2363 734
85,"[5, 45, 70, 60, 17]",120 1140 2674 2398 746
86,"[61, 64, 49, 32, 92]",120 1143 2684 2409 750
87,"[83, 46, 67, 48, 16]",120 1133 2651 2373 737
88,"[55, 4, 62, 37, 64]",120 1138 2666 2388 742
89,"[61, 13, 34, 47, 74]",120 1134 2654 2376 738
90,"[28, 72, 46, 82, 23]",120 1110 2582 2304 714
91,"[39, 65, 76, 78, 61]",120 1119 2609 2331 723
92,"[1, 63, 55, 84, 9]",120 1155 2721 2447 763
93,"[54, 82, 96, 34, 33]",120 1110 2582 2304 714
94,"[45, 4, 69, 21, 16]",120 1137 2666 2391 744
95,"[24, 99, 82, 71, 78]",120 1143 2682 2405 748
96,"[88, 29, 95, 82, 15]",120 1134 2657 2382 741
97,"[83, 9, 88, 40, 10]",120 1116 2602 2326 722
98,"[99, 29, 56, 8, 7]",120 1140 2676 2402 748
99,"[31, 91, 63, 21, 73]",120 1130 2644 2368 736
