,vertice,facets
0,"[1.0, 4.0, 28.5, 30.5]",68
1,"[1.0, 1.1111111111111112, 2.1481481481481484, 3.4814814814814814]",68
2,"[1.0, 1.3, 4.05, 4.95]",68
3,"[1.0, 1.5675675675675675, 1.6756756756756757, 1.837837837837838]",69
4,"[1.0, 1.1162790697674418, 1.6511627906976745, 2.2093023255813953]",68
5,"[1.0, 1.2857142857142858, 2.2142857142857144, 2.357142857142857]",68
6,"[1.0, 1.75, 7.583333333333333, 7.75]",68
7,"[1.0, 4.0, 6.333333333333333, 25.666666666666668]",70
8,"[1.0, 1.8148148148148149, 2.2962962962962963, 2.962962962962963]",69
9,"[1.0, 1.5833333333333333, 2.5416666666666665, 3.9166666666666665]",69
10,"[1.0, 2.4782608695652173, 3.217391304347826, 3.4347826086956523]",68
11,"[1.0, 1.5833333333333333, 2.2083333333333335, 3.75]",69
12,"[1.0, 1.1794871794871795, 1.641025641025641, 2.0]",68
13,"[1.0, 1.0555555555555556, 1.5, 1.7037037037037037]",68
14,"[1.0, 4.428571428571429, 6.0, 6.428571428571429]",69
15,"[1.0, 1.2857142857142858, 1.4, 2.2285714285714286]",69
16,"[1.0, 4.0, 4.2105263157894735, 4.631578947368421]",70
17,"[1.0, 1.5833333333333333, 1.6388888888888888, 2.7222222222222223]",70
18,"[1.0, 7.0, 22.0, 75.0]",70
19,"[1.0, 2.769230769230769, 7.076923076923077, 7.3076923076923075]",68
20,"[1.0, 1.6, 3.2, 4.25]",68
21,"[1.0, 11.5, 12.5, 31.0]",70
22,"[1.0, 1.1111111111111112, 1.2, 2.1555555555555554]",69
23,"[1.0, 5.8, 13.4, 17.2]",69
24,"[1.0, 1.1071428571428572, 1.1785714285714286, 1.2857142857142858]",68
25,"[1.0, 1.8055555555555556, 2.0555555555555554, 2.1944444444444446]",68
26,"[1.0, 1.9565217391304348, 2.652173913043478, 4.3478260869565215]",69
27,"[1.0, 4.111111111111111, 5.111111111111111, 9.88888888888889]",70
28,"[1.0, 2.9444444444444446, 3.888888888888889, 5.444444444444445]",70
29,"[1.0, 1.1666666666666667, 12.333333333333334, 15.333333333333334]",68
30,"[1.0, 1.25, 4.4, 5.0]",68
31,"[1.0, 51.0, 74.0, 89.0]",70
32,"[1.0, 5.6, 10.8, 12.0]",69
33,"[1.0, 2.6363636363636362, 3.5454545454545454, 7.0]",70
34,"[1.0, 1.8695652173913044, 2.1739130434782608, 3.5652173913043477]",70
35,"[1.0, 2.1739130434782608, 2.869565217391304, 3.9565217391304346]",69
36,"[1.0, 1.393939393939394, 2.121212121212121, 2.909090909090909]",68
37,"[1.0, 1.0357142857142858, 1.0535714285714286, 1.4642857142857142]",69
38,"[1.0, 5.142857142857143, 5.428571428571429, 8.571428571428571]",70
39,"[1.0, 2.076923076923077, 3.923076923076923, 6.076923076923077]",69
40,"[1.0, 2.888888888888889, 3.2777777777777777, 4.777777777777778]",70
41,"[1.0, 1.9444444444444444, 2.5555555555555554, 4.611111111111111]",69
42,"[1.0, 8.0, 22.0, 23.5]",69
43,"[1.0, 1.0208333333333333, 1.1666666666666667, 1.5208333333333333]",68
44,"[1.0, 1.4047619047619047, 1.9285714285714286, 2.357142857142857]",68
45,"[1.0, 1.042857142857143, 1.0571428571428572, 1.1428571428571428]",68
46,"[1.0, 6.0, 29.5, 47.5]",69
47,"[1.0, 2.2777777777777777, 2.611111111111111, 5.055555555555555]",70
48,"[1.0, 7.0, 40.0, 78.0]",69
49,"[1.0, 1.1363636363636365, 1.4090909090909092, 3.0]",69
50,"[1.0, 1.1730769230769231, 1.6538461538461537, 1.7115384615384615]",68
51,"[1.0, 1.3478260869565217, 1.6956521739130435, 2.108695652173913]",68
52,"[1.0, 1.72, 2.24, 2.32]",68
53,"[1.0, 7.4, 13.6, 18.2]",70
54,"[1.0, 1.1944444444444444, 1.25, 1.2777777777777777]",68
55,"[1.0, 2.4166666666666665, 4.833333333333333, 7.916666666666667]",69
56,"[1.0, 6.333333333333333, 10.333333333333334, 11.0]",69
57,"[1.0, 1.5416666666666667, 1.9166666666666667, 2.9583333333333335]",69
58,"[1.0, 1.3636363636363635, 3.4545454545454546, 4.181818181818182]",68
59,"[1.0, 1.2, 2.96, 3.96]",68
60,"[1.0, 1.5, 2.3947368421052633, 2.5526315789473686]",68
61,"[1.0, 1.0476190476190477, 2.6666666666666665, 3.3333333333333335]",68
62,"[1.0, 3.5, 8.666666666666666, 14.0]",69
63,"[1.0, 1.5789473684210527, 2.736842105263158, 3.263157894736842]",68
64,"[1.0, 10.142857142857142, 11.571428571428571, 14.0]",70
65,"[1.0, 3.9047619047619047, 3.9523809523809526, 4.333333333333333]",70
66,"[1.0, 1.7, 3.0, 3.8]",68
67,"[1.0, 1.6785714285714286, 1.8571428571428572, 2.2142857142857144]",69
68,"[1.0, 1.103448275862069, 1.1551724137931034, 1.206896551724138]",68
69,"[1.0, 1.5789473684210527, 1.894736842105263, 4.894736842105263]",70
70,"[1.0, 1.0416666666666667, 2.7083333333333335, 3.9166666666666665]",68
71,"[1.0, 18.0, 34.0, 37.0]",70
72,"[1.0, 4.105263157894737, 4.894736842105263, 5.2105263157894735]",69
73,"[1.0, 3.8421052631578947, 4.105263157894737, 4.2105263157894735]",69
74,"[1.0, 1.3255813953488371, 2.0232558139534884, 2.1627906976744184]",68
75,"[1.0, 1.3265306122448979, 1.5714285714285714, 1.653061224489796]",68
76,"[1.0, 7.25, 8.25, 18.0]",70
77,"[1.0, 1.2608695652173914, 1.434782608695652, 3.0]",69
78,"[1.0, 2.3846153846153846, 2.4615384615384617, 3.6923076923076925]",70
79,"[1.0, 1.5714285714285714, 2.2857142857142856, 12.285714285714286]",69
80,"[1.0, 1.9285714285714286, 2.142857142857143, 6.642857142857143]",70
81,"[1.0, 1.05, 2.5, 3.7]",68
82,"[1.0, 2.4, 3.12, 3.88]",69
83,"[1.0, 2.9444444444444446, 4.555555555555555, 5.555555555555555]",69
84,"[1.0, 8.88888888888889, 9.11111111111111, 9.222222222222221]",70
85,"[1.0, 2.25, 2.8, 3.0]",68
86,"[1.0, 1.7142857142857142, 1.7551020408163265, 1.9591836734693877]",70
87,"[1.0, 1.5714285714285714, 5.714285714285714, 7.857142857142857]",68
88,"[1.0, 6.428571428571429, 8.714285714285714, 13.714285714285714]",70
89,"[1.0, 1.962962962962963, 3.037037037037037, 3.7037037037037037]",69
90,"[1.0, 44.0, 56.0, 67.0]",70
91,"[1.0, 10.2, 11.0, 11.4]",70
92,"[1.0, 1.6818181818181819, 2.9545454545454546, 3.3181818181818183]",68
93,"[1.0, 3.6666666666666665, 4.222222222222222, 5.444444444444445]",70
94,"[1.0, 1.4761904761904763, 2.2857142857142856, 4.714285714285714]",69
95,"[1.0, 1.36, 2.16, 3.08]",68
96,"[1.0, 1.1764705882352942, 1.6764705882352942, 1.9705882352941178]",68
97,"[1.0, 3.0, 12.0, 45.0]",69
98,"[1.0, 2.0714285714285716, 3.857142857142857, 4.857142857142857]",69
99,"[1.0, 1.3333333333333333, 1.4833333333333334, 1.6166666666666667]",68
100,"[1.0, 1.631578947368421, 4.684210526315789, 4.947368421052632]",68
101,"[1.0, 2.8333333333333335, 2.875, 3.3333333333333335]",70
102,"[1.0, 2.4444444444444446, 2.9444444444444446, 3.3333333333333335]",69
103,"[1.0, 6.222222222222222, 7.333333333333333, 8.777777777777779]",70
104,"[1.0, 2.0, 12.375, 12.5]",68
105,"[1.0, 5.0, 24.0, 28.333333333333332]",69
106,"[1.0, 9.555555555555555, 9.777777777777779, 10.11111111111111]",70
107,"[1.0, 2.6923076923076925, 3.769230769230769, 5.615384615384615]",69
108,"[1.0, 2.15, 2.4, 2.8]",69
109,"[1.0, 2.0, 2.6666666666666665, 8.0]",70
110,"[1.0, 3.0, 5.5, 17.25]",70
111,"[1.0, 9.0, 70.0, 76.0]",69
112,"[1.0, 1.0666666666666667, 1.2666666666666666, 5.666666666666667]",69
113,"[1.0, 1.127659574468085, 1.2340425531914894, 2.106382978723404]",69
114,"[1.0, 1.3636363636363635, 4.818181818181818, 7.181818181818182]",68
115,"[1.0, 1.6666666666666667, 3.7083333333333335, 4.125]",68
116,"[1.0, 1.1666666666666667, 4.333333333333333, 8.5]",68
117,"[1.0, 6.666666666666667, 26.0, 29.333333333333332]",69
118,"[1.0, 1.95, 3.0, 4.1]",69
119,"[1.0, 3.125, 5.625, 12.125]",70
120,"[1.0, 2.4347826086956523, 3.4347826086956523, 4.304347826086956]",69
121,"[1.0, 3.0, 4.235294117647059, 5.411764705882353]",69
122,"[1.0, 1.1111111111111112, 1.4074074074074074, 1.6481481481481481]",68
123,"[1.0, 1.565217391304348, 1.673913043478261, 1.934782608695652]",69
124,"[1.0, 17.0, 40.5, 43.0]",69
125,"[1.0, 2.5714285714285716, 4.214285714285714, 6.642857142857143]",69
126,"[1.0, 2.2666666666666666, 4.333333333333333, 5.8]",69
127,"[1.0, 1.5, 2.5555555555555554, 5.555555555555555]",69
128,"[1.0, 1.0303030303030303, 1.196969696969697, 1.303030303030303]",68
129,"[1.0, 1.3636363636363635, 1.6666666666666667, 2.1515151515151514]",69
130,"[1.0, 6.083333333333333, 7.083333333333333, 8.166666666666666]",70
131,"[1.0, 1.125, 1.8125, 1.84375]",68
132,"[1.0, 2.44, 3.28, 3.6]",69
133,"[1.0, 2.4, 2.8, 3.066666666666667]",69
134,"[1.0, 4.0, 23.0, 31.666666666666668]",69
135,"[1.0, 6.0, 11.666666666666666, 13.0]",69
136,"[1.0, 4.6, 6.4, 18.0]",70
137,"[1.0, 1.3076923076923077, 1.6153846153846154, 6.230769230769231]",69
138,"[1.0, 4.0, 17.0, 17.666666666666668]",68
139,"[1.0, 1.169811320754717, 1.2641509433962264, 1.528301886792453]",68
140,"[1.0, 3.6363636363636362, 5.181818181818182, 5.909090909090909]",69
141,"[1.0, 1.1176470588235294, 1.2352941176470589, 1.4411764705882353]",68
142,"[1.0, 1.7647058823529411, 3.823529411764706, 4.764705882352941]",68
143,"[1.0, 1.6666666666666667, 4.777777777777778, 11.11111111111111]",69
144,"[1.0, 3.0, 9.0, 16.4]",69
145,"[1.0, 2.0, 9.0, 30.0]",69
146,"[1.0, 5.6, 11.6, 18.6]",70
147,"[1.0, 1.3333333333333333, 9.666666666666666, 30.333333333333332]",69
148,"[1.0, 1.5833333333333333, 2.125, 2.625]",68
149,"[1.0, 2.0, 12.5, 41.0]",69
150,"[1.0, 4.230769230769231, 5.153846153846154, 5.769230769230769]",69
151,"[1.0, 1.4, 7.1, 8.8]",68
152,"[1.0, 4.375, 5.625, 6.75]",70
153,"[1.0, 1.25, 9.0, 23.25]",69
154,"[1.0, 1.2857142857142858, 1.4857142857142858, 1.8]",68
155,"[1.0, 6.2, 13.4, 18.0]",69
156,"[1.0, 2.2, 4.2, 7.4]",69
157,"[1.0, 1.8275862068965518, 1.8620689655172413, 2.1724137931034484]",70
158,"[1.0, 1.5454545454545454, 3.090909090909091, 4.090909090909091]",68
159,"[1.0, 1.236842105263158, 1.263157894736842, 1.5263157894736843]",70
160,"[1.0, 2.8, 2.9, 3.8]",70
161,"[1.0, 3.8181818181818183, 4.545454545454546, 8.363636363636363]",70
162,"[1.0, 2.652173913043478, 2.9565217391304346, 4.086956521739131]",70
163,"[1.0, 2.0833333333333335, 2.5833333333333335, 2.6666666666666665]",68
164,"[1.0, 1.4333333333333333, 2.0, 2.7666666666666666]",69
165,"[1.0, 3.0454545454545454, 3.772727272727273, 4.318181818181818]",69
166,"[1.0, 8.75, 10.875, 11.625]",70
167,"[1.0, 1.6944444444444444, 2.1944444444444446, 2.388888888888889]",68
168,"[1.0, 2.5, 2.9166666666666665, 7.75]",70
169,"[1.0, 4.416666666666667, 4.75, 6.083333333333333]",70
170,"[1.0, 1.8, 1.8666666666666667, 5.266666666666667]",70
171,"[1.0, 2.272727272727273, 4.0, 7.454545454545454]",69
172,"[1.0, 7.166666666666667, 9.833333333333334, 16.5]",70
173,"[1.0, 1.4473684210526316, 1.868421052631579, 2.236842105263158]",68
174,"[1.0, 1.6, 2.325, 2.4]",68
175,"[1.0, 2.6923076923076925, 5.461538461538462, 6.384615384615385]",69
176,"[1.0, 3.2, 6.0, 10.2]",69
177,"[1.0, 1.105263157894737, 2.0526315789473686, 4.7894736842105265]",68
178,"[1.0, 1.125, 3.875, 5.5]",68
179,"[1.0, 2.0, 3.5714285714285716, 13.142857142857142]",69
180,"[1.0, 7.0, 50.0, 85.0]",69
181,"[1.0, 15.0, 19.666666666666668, 22.666666666666668]",70
182,"[1.0, 2.3333333333333335, 3.0833333333333335, 4.083333333333333]",69
183,"[1.0, 1.5333333333333334, 2.6666666666666665, 3.3]",68
184,"[1.0, 1.3333333333333333, 7.0, 8.0]",68
185,"[1.0, 7.0, 26.0, 49.5]",69
186,"[1.0, 2.0, 6.25, 8.333333333333334]",69
187,"[1.0, 1.7, 2.4, 2.7]",68
188,"[1.0, 1.894736842105263, 4.421052631578948, 5.0]",68
189,"[1.0, 1.170731707317073, 1.1951219512195121, 1.975609756097561]",70
190,"[1.0, 4.545454545454546, 5.181818181818182, 8.636363636363637]",70
191,"[1.0, 6.0, 29.0, 45.5]",69
192,"[1.0, 2.142857142857143, 4.857142857142857, 12.714285714285714]",69
193,"[1.0, 1.3559322033898304, 1.6440677966101696, 1.6610169491525424]",68
194,"[1.0, 5.0, 7.0, 18.0]",70
195,"[1.0, 1.608695652173913, 1.8695652173913044, 2.869565217391304]",69
196,"[1.0, 1.2307692307692308, 2.3461538461538463, 3.576923076923077]",68
197,"[1.0, 1.0545454545454545, 1.3454545454545455, 1.3636363636363635]",68
198,"[1.0, 13.0, 15.333333333333334, 27.666666666666668]",70
199,"[1.0, 1.0263157894736843, 1.5263157894736843, 1.6578947368421053]",68
200,"[1.0, 1.3333333333333333, 1.4166666666666667, 1.75]",69
201,"[1.0, 1.7, 1.8, 3.5]",70
202,"[1.0, 2.2, 2.6, 8.7]",70
203,"[1.0, 2.0625, 4.0, 5.25]",69
204,"[1.0, 1.3, 3.2, 3.8]",68
205,"[1.0, 4.666666666666667, 13.333333333333334, 32.0]",70
206,"[1.0, 1.1666666666666667, 1.3833333333333333, 1.5333333333333334]",68
207,"[1.0, 1.489795918367347, 1.7142857142857142, 2.0]",69
208,"[1.0, 1.1428571428571428, 2.5714285714285716, 12.285714285714286]",69
209,"[1.0, 2.129032258064516, 2.2580645161290325, 2.6451612903225805]",70
210,"[1.0, 7.8, 9.2, 12.0]",70
211,"[1.0, 2.625, 4.8125, 4.875]",68
212,"[1.0, 15.25, 18.0, 23.75]",70
213,"[1.0, 6.4, 7.2, 9.8]",70
214,"[1.0, 5.2, 6.1, 9.9]",70
215,"[1.0, 8.333333333333334, 16.333333333333332, 32.333333333333336]",70
216,"[1.0, 2.0434782608695654, 2.391304347826087, 3.4782608695652173]",70
217,"[1.0, 1.2, 1.95, 2.125]",68
218,"[1.0, 38.0, 55.0, 78.0]",70
219,"[1.0, 31.0, 47.0, 58.0]",70
220,"[1.0, 1.4838709677419355, 2.4516129032258065, 3.225806451612903]",68
221,"[1.0, 1.9583333333333333, 2.0, 4.125]",70
222,"[1.0, 1.9375, 3.5625, 3.8125]",68
223,"[1.0, 1.1764705882352942, 2.9411764705882355, 4.705882352941177]",68
224,"[1.0, 2.25, 4.75, 8.083333333333334]",69
225,"[1.0, 2.375, 2.75, 4.75]",70
226,"[1.0, 3.7857142857142856, 5.0, 5.857142857142857]",69
227,"[1.0, 5.333333333333333, 7.333333333333333, 15.833333333333334]",70
228,"[1.0, 7.0, 13.25, 17.0]",70
229,"[1.0, 3.6153846153846154, 4.769230769230769, 7.384615384615385]",70
230,"[1.0, 1.15625, 1.65625, 2.09375]",68
231,"[1.0, 1.2857142857142858, 2.0, 2.892857142857143]",68
232,"[1.0, 1.0526315789473684, 1.1403508771929824, 1.1578947368421053]",68
233,"[1.0, 1.2926829268292683, 1.5853658536585367, 2.073170731707317]",68
234,"[1.0, 2.7916666666666665, 2.9583333333333335, 4.041666666666667]",70
235,"[1.0, 2.6666666666666665, 4.888888888888889, 10.666666666666666]",69
236,"[1.0, 4.2, 6.4, 7.4]",69
237,"[1.0, 1.5348837209302326, 2.116279069767442, 2.2093023255813953]",68
238,"[1.0, 1.7142857142857142, 1.8571428571428572, 2.357142857142857]",70
239,"[1.0, 2.1538461538461537, 3.4615384615384617, 7.6923076923076925]",69
240,"[1.0, 1.7333333333333334, 2.1333333333333333, 2.3]",68
241,"[1.0, 1.6666666666666667, 15.0, 17.0]",68
242,"[1.0, 1.4166666666666667, 5.666666666666667, 6.166666666666667]",68
243,"[1.0, 2.5, 3.0, 8.25]",70
244,"[1.0, 1.8333333333333333, 4.277777777777778, 4.833333333333333]",68
245,"[1.0, 5.333333333333333, 10.333333333333334, 26.666666666666668]",70
246,"[1.0, 1.1304347826086956, 1.2391304347826086, 1.3043478260869565]",68
247,"[1.0, 1.9444444444444444, 2.0555555555555554, 2.638888888888889]",70
248,"[1.0, 8.5, 14.25, 23.75]",70
249,"[1.0, 2.4166666666666665, 3.8333333333333335, 7.75]",69
250,"[1.0, 7.0, 12.0, 14.4]",69
251,"[1.0, 1.0810810810810811, 1.7567567567567568, 1.972972972972973]",68
252,"[1.0, 2.0555555555555554, 2.25, 2.3055555555555554]",68
253,"[1.0, 2.3846153846153846, 4.230769230769231, 4.846153846153846]",68
254,"[1.0, 7.0, 13.5, 49.0]",70
255,"[1.0, 2.5, 31.5, 49.5]",69
256,"[1.0, 1.054054054054054, 1.2972972972972974, 2.3513513513513513]",68
257,"[1.0, 3.1538461538461537, 5.230769230769231, 5.538461538461538]",68
258,"[1.0, 1.6, 8.6, 9.2]",68
259,"[1.0, 4.333333333333333, 12.0, 27.333333333333332]",69
260,"[1.0, 1.1111111111111112, 2.111111111111111, 3.4444444444444446]",68
261,"[1.0, 2.230769230769231, 3.0, 4.538461538461538]",69
262,"[1.0, 1.975, 2.0, 2.1]",70
263,"[1.0, 3.0, 13.0, 33.5]",69
264,"[1.0, 1.7692307692307692, 2.076923076923077, 2.3076923076923075]",69
265,"[1.0, 3.3636363636363638, 3.6363636363636362, 4.7272727272727275]",70
266,"[1.0, 1.5909090909090908, 1.8181818181818181, 3.9545454545454546]",70
267,"[1.0, 1.2222222222222223, 4.666666666666667, 8.11111111111111]",68
268,"[1.0, 2.4166666666666665, 5.333333333333333, 6.75]",69
269,"[1.0, 1.434782608695652, 2.347826086956522, 2.5217391304347827]",68
270,"[1.0, 6.8, 7.8, 9.7]",70
271,"[1.0, 1.263157894736842, 1.7894736842105263, 1.9473684210526316]",68
272,"[1.0, 5.333333333333333, 10.666666666666666, 13.333333333333334]",69
273,"[1.0, 2.0, 2.2222222222222223, 10.333333333333334]",70
274,"[1.0, 2.1538461538461537, 4.923076923076923, 5.384615384615385]",68
275,"[1.0, 6.0, 17.0, 42.0]",70
276,"[1.0, 5.5, 40.0, 49.5]",69
277,"[1.0, 1.456140350877193, 1.5263157894736843, 1.5964912280701755]",68
278,"[1.0, 1.4705882352941178, 2.588235294117647, 5.588235294117647]",69
279,"[1.0, 10.8, 12.0, 18.8]",70
280,"[1.0, 1.08, 1.12, 3.16]",70
281,"[1.0, 2.0, 3.411764705882353, 4.823529411764706]",69
282,"[1.0, 6.8, 7.8, 13.8]",70
283,"[1.0, 1.4545454545454546, 2.022727272727273, 2.0454545454545454]",68
284,"[1.0, 1.1470588235294117, 1.4411764705882353, 2.676470588235294]",69
285,"[1.0, 1.6785714285714286, 1.75, 2.7857142857142856]",70
286,"[1.0, 2.0277777777777777, 2.0555555555555554, 2.2777777777777777]",70
287,"[1.0, 3.75, 7.333333333333333, 8.25]",69
288,"[1.0, 3.3333333333333335, 8.777777777777779, 9.333333333333334]",68
289,"[1.0, 1.0606060606060606, 2.272727272727273, 3.0303030303030303]",68
290,"[1.0, 3.076923076923077, 3.230769230769231, 5.076923076923077]",70
291,"[1.0, 1.625, 4.25, 4.375]",68
292,"[1.0, 1.2, 1.66, 1.92]",68
293,"[1.0, 2.1739130434782608, 2.3043478260869565, 2.347826086956522]",68
294,"[1.0, 11.714285714285714, 13.0, 14.285714285714286]",70
295,"[1.0, 2.85, 3.5, 4.2]",69
296,"[1.0, 2.125, 2.2, 2.275]",69
297,"[1.0, 2.25, 6.25, 9.0]",69
298,"[1.0, 2.1333333333333333, 2.533333333333333, 3.4]",69
299,"[1.0, 1.864864864864865, 1.972972972972973, 2.108108108108108]",69
300,"[1.0, 1.5, 2.35, 2.85]",68
301,"[1.0, 25.0, 36.5, 45.0]",70
302,"[1.0, 13.666666666666666, 32.0, 32.333333333333336]",68
303,"[1.0, 3.6, 9.0, 9.3]",68
304,"[1.0, 1.391304347826087, 2.782608695652174, 3.217391304347826]",68
305,"[1.0, 1.2666666666666666, 1.7333333333333334, 2.6333333333333333]",69
306,"[1.0, 2.375, 7.125, 7.375]",68
307,"[1.0, 3.533333333333333, 4.733333333333333, 5.0]",69
308,"[1.0, 2.375, 4.75, 10.0]",69
309,"[1.0, 1.76, 2.72, 3.2]",68
310,"[1.0, 1.4375, 2.125, 3.375]",69
311,"[1.0, 1.0153846153846153, 1.1384615384615384, 1.523076923076923]",68
312,"[1.0, 3.7058823529411766, 3.8823529411764706, 4.176470588235294]",70
313,"[1.0, 55.0, 61.0, 96.0]",70
314,"[1.0, 3.3333333333333335, 5.933333333333334, 6.533333333333333]",69
315,"[1.0, 2.1333333333333333, 2.2, 4.6]",70
316,"[1.0, 4.090909090909091, 5.909090909090909, 7.636363636363637]",70
317,"[1.0, 1.1710526315789473, 1.2236842105263157, 1.2894736842105263]",68
318,"[1.0, 6.5, 10.833333333333334, 16.166666666666668]",70
319,"[1.0, 2.111111111111111, 2.9444444444444446, 3.7777777777777777]",69
320,"[1.0, 2.0, 46.0, 47.0]",68
321,"[1.0, 1.25, 2.25, 2.65]",68
322,"[1.0, 1.4444444444444444, 4.333333333333333, 6.666666666666667]",68
323,"[1.0, 3.5, 12.0, 46.5]",69
324,"[1.0, 11.5, 36.5, 40.5]",69
325,"[1.0, 3.28, 3.8, 3.96]",69
326,"[1.0, 1.0731707317073171, 1.0853658536585367, 1.1951219512195121]",69
327,"[1.0, 2.3333333333333335, 5.333333333333333, 16.666666666666668]",69
328,"[1.0, 1.4230769230769231, 2.8076923076923075, 3.1923076923076925]",68
329,"[1.0, 1.5454545454545454, 2.727272727272727, 6.7272727272727275]",69
330,"[1.0, 19.5, 42.0, 46.0]",69
331,"[1.0, 1.1923076923076923, 1.7692307692307692, 2.0]",68
332,"[1.0, 3.857142857142857, 9.428571428571429, 10.714285714285714]",69
333,"[1.0, 1.1090909090909091, 1.2363636363636363, 1.6]",68
334,"[1.0, 1.2972972972972974, 1.864864864864865, 1.945945945945946]",68
335,"[1.0, 6.0, 8.0, 10.11111111111111]",70
336,"[1.0, 1.121212121212121, 1.5757575757575757, 3.0]",68
337,"[1.0, 2.4615384615384617, 2.923076923076923, 6.538461538461538]",70
338,"[1.0, 2.28125, 2.5, 2.53125]",68
339,"[1.0, 1.150943396226415, 1.528301886792453, 1.849056603773585]",68
340,"[1.0, 3.1875, 5.4375, 5.875]",68
341,"[1.0, 2.076923076923077, 2.2051282051282053, 2.358974358974359]",69
342,"[1.0, 10.0, 12.0, 14.6]",70
343,"[1.0, 1.6285714285714286, 2.2285714285714286, 2.8]",69
344,"[1.0, 1.1746031746031746, 1.3174603174603174, 1.380952380952381]",68
345,"[1.0, 1.3846153846153846, 4.384615384615385, 5.076923076923077]",68
346,"[1.0, 1.1428571428571428, 2.5, 6.285714285714286]",69
347,"[1.0, 1.3157894736842106, 1.736842105263158, 2.526315789473684]",69
348,"[1.0, 1.125, 1.5208333333333333, 1.7916666666666667]",68
349,"[1.0, 1.8, 2.0, 2.84]",70
350,"[1.0, 1.2045454545454546, 1.3636363636363635, 2.0]",69
351,"[1.0, 1.6153846153846154, 6.0, 7.076923076923077]",68
352,"[1.0, 5.2727272727272725, 5.545454545454546, 7.2727272727272725]",70
353,"[1.0, 9.666666666666666, 10.666666666666666, 12.333333333333334]",70
354,"[1.0, 1.0476190476190477, 1.6904761904761905, 2.119047619047619]",68
355,"[1.0, 1.7, 2.45, 2.55]",68
356,"[1.0, 33.0, 40.0, 49.0]",70
357,"[1.0, 13.333333333333334, 23.0, 24.0]",69
358,"[1.0, 4.090909090909091, 7.2727272727272725, 7.909090909090909]",69
359,"[1.0, 3.3, 8.6, 9.5]",68
360,"[1.0, 1.5789473684210527, 1.736842105263158, 1.868421052631579]",68
361,"[1.0, 1.1818181818181819, 2.0, 8.181818181818182]",69
362,"[1.0, 3.5714285714285716, 5.142857142857143, 7.071428571428571]",70
363,"[1.0, 4.0, 7.0, 8.6]",69
364,"[1.0, 4.0, 10.5, 43.5]",70
365,"[1.0, 1.85, 3.9, 4.0]",68
366,"[1.0, 1.1940298507462686, 1.3134328358208955, 1.3582089552238805]",68
367,"[1.0, 1.4166666666666667, 2.1666666666666665, 7.5]",69
368,"[1.0, 4.555555555555555, 4.666666666666667, 5.166666666666667]",70
369,"[1.0, 1.5555555555555556, 3.0555555555555554, 3.9444444444444446]",68
370,"[1.0, 2.6363636363636362, 3.3636363636363638, 3.9545454545454546]",69
371,"[1.0, 2.3125, 4.8125, 5.0]",68
372,"[1.0, 5.5, 20.25, 24.5]",69
373,"[1.0, 3.3, 4.0, 4.4]",69
374,"[1.0, 1.0392156862745099, 1.392156862745098, 1.607843137254902]",68
375,"[1.0, 5.444444444444445, 7.888888888888889, 8.555555555555555]",69
376,"[1.0, 3.0526315789473686, 4.7368421052631575, 4.7894736842105265]",68
377,"[1.0, 2.3181818181818183, 2.5, 4.318181818181818]",70
378,"[1.0, 12.0, 23.333333333333332, 27.333333333333332]",70
379,"[1.0, 18.333333333333332, 23.333333333333332, 30.666666666666668]",70
380,"[1.0, 1.0952380952380953, 1.7142857142857142, 3.0952380952380953]",68
381,"[1.0, 3.7777777777777777, 4.111111111111111, 8.333333333333334]",70
382,"[1.0, 3.6666666666666665, 3.75, 4.166666666666667]",70
383,"[1.0, 8.0, 9.666666666666666, 31.0]",70
384,"[1.0, 1.0789473684210527, 1.5263157894736843, 2.236842105263158]",68
385,"[1.0, 2.8, 2.9, 8.8]",70
386,"[1.0, 1.105263157894737, 1.7894736842105263, 3.0526315789473686]",68
387,"[1.0, 2.25, 5.125, 8.125]",69
388,"[1.0, 7.0, 7.333333333333333, 10.88888888888889]",70
389,"[1.0, 2.6315789473684212, 2.8421052631578947, 3.0526315789473686]",69
390,"[1.0, 1.4634146341463414, 1.853658536585366, 2.097560975609756]",68
391,"[1.0, 1.625, 2.25, 2.53125]",68
392,"[1.0, 2.25, 3.35, 4.45]",69
393,"[1.0, 2.7857142857142856, 4.0, 5.357142857142857]",69
394,"[1.0, 9.0, 12.0, 12.428571428571429]",69
395,"[1.0, 1.6818181818181819, 2.1818181818181817, 3.3181818181818183]",69
396,"[1.0, 1.44, 1.96, 2.24]",68
397,"[1.0, 12.0, 16.2, 16.4]",69
398,"[1.0, 58.0, 94.0, 100.0]",70
399,"[1.0, 2.9473684210526314, 3.473684210526316, 4.2105263157894735]",70
400,"[1.0, 1.5416666666666667, 2.25, 2.2916666666666665]",68
401,"[1.0, 7.25, 12.5, 20.25]",70
402,"[1.0, 4.571428571428571, 8.428571428571429, 10.857142857142858]",69
403,"[1.0, 1.3103448275862069, 1.9310344827586208, 2.8620689655172415]",68
404,"[1.0, 9.75, 12.0, 12.5]",69
405,"[1.0, 1.7222222222222223, 1.9444444444444444, 4.166666666666667]",70
406,"[1.0, 5.2, 6.5, 7.8]",70
407,"[1.0, 1.5, 1.7692307692307692, 3.576923076923077]",69
408,"[1.0, 2.125, 3.0625, 3.875]",69
409,"[1.0, 5.5, 10.25, 12.75]",69
410,"[1.0, 2.857142857142857, 6.142857142857143, 10.571428571428571]",69
411,"[1.0, 1.3714285714285714, 2.0, 2.2]",68
412,"[1.0, 3.111111111111111, 9.333333333333334, 10.444444444444445]",68
413,"[1.0, 2.473684210526316, 2.526315789473684, 4.842105263157895]",70
414,"[1.0, 1.0588235294117647, 1.911764705882353, 2.264705882352941]",68
415,"[1.0, 45.0, 71.0, 85.0]",70
416,"[1.0, 1.4594594594594594, 1.4864864864864864, 2.4864864864864864]",70
417,"[1.0, 4.0, 28.0, 84.0]",69
418,"[1.0, 1.024390243902439, 1.4878048780487805, 1.7560975609756098]",68
419,"[1.0, 2.0, 8.75, 24.75]",69
420,"[1.0, 4.363636363636363, 5.090909090909091, 5.454545454545454]",69
421,"[1.0, 2.8, 8.6, 15.0]",69
422,"[1.0, 2.2222222222222223, 4.555555555555555, 9.555555555555555]",69
423,"[1.0, 1.2448979591836735, 1.6122448979591837, 2.0408163265306123]",68
424,"[1.0, 1.1458333333333333, 1.5416666666666667, 1.8958333333333333]",68
425,"[1.0, 2.875, 3.5833333333333335, 3.9583333333333335]",69
426,"[1.0, 4.5, 4.75, 10.5]",70
427,"[1.0, 1.0909090909090908, 1.7454545454545454, 1.8]",68
428,"[1.0, 72.0, 74.0, 84.0]",70
429,"[1.0, 1.03125, 1.84375, 2.71875]",68
430,"[1.0, 23.0, 72.0, 82.0]",69
431,"[1.0, 1.1875, 2.25, 2.65625]",68
432,"[1.0, 1.1555555555555554, 1.3777777777777778, 1.4444444444444444]",68
433,"[1.0, 2.7142857142857144, 2.9285714285714284, 3.107142857142857]",69
434,"[1.0, 1.2352941176470589, 1.6176470588235294, 2.5588235294117645]",69
435,"[1.0, 1.25, 1.65625, 1.75]",68
436,"[1.0, 1.625, 4.25, 6.25]",69
437,"[1.0, 3.1904761904761907, 4.523809523809524, 4.571428571428571]",68
438,"[1.0, 1.0121951219512195, 1.146341463414634, 1.1829268292682926]",68
439,"[1.0, 7.0, 7.777777777777778, 9.222222222222221]",70
440,"[1.0, 1.2727272727272727, 2.272727272727273, 3.0454545454545454]",68
441,"[1.0, 3.2, 4.3, 7.8]",70
442,"[1.0, 1.3333333333333333, 2.066666666666667, 2.1]",68
443,"[1.0, 2.1666666666666665, 2.5833333333333335, 7.25]",70
444,"[1.0, 4.375, 8.875, 9.5]",68
445,"[1.0, 1.0555555555555556, 2.2777777777777777, 4.5]",68
446,"[1.0, 1.8888888888888888, 2.388888888888889, 4.333333333333333]",70
447,"[1.0, 5.2, 7.6, 9.3]",70
448,"[1.0, 1.9411764705882353, 3.3529411764705883, 5.0588235294117645]",69
449,"[1.0, 1.8235294117647058, 2.1176470588235294, 4.117647058823529]",70
450,"[1.0, 2.380952380952381, 3.9047619047619047, 4.380952380952381]",68
451,"[1.0, 1.8461538461538463, 2.076923076923077, 2.3846153846153846]",69
452,"[1.0, 2.085714285714286, 2.2, 2.3142857142857145]",69
453,"[1.0, 1.7142857142857142, 1.9047619047619047, 2.0]",68
454,"[1.0, 1.4883720930232558, 1.813953488372093, 1.9534883720930232]",68
455,"[1.0, 2.4615384615384617, 4.615384615384615, 6.0]",69
456,"[1.0, 13.5, 30.0, 48.5]",70
457,"[1.0, 5.5, 6.375, 10.375]",70
458,"[1.0, 2.272727272727273, 3.5454545454545454, 6.0]",69
459,"[1.0, 1.5714285714285714, 1.7714285714285714, 2.2285714285714286]",69
460,"[1.0, 28.0, 32.5, 34.0]",70
461,"[1.0, 1.3666666666666667, 1.7333333333333334, 2.1666666666666665]",68
462,"[1.0, 2.611111111111111, 4.666666666666667, 5.222222222222222]",68
463,"[1.0, 1.0638297872340425, 1.574468085106383, 1.6595744680851063]",68
464,"[1.0, 3.5, 16.75, 23.75]",69
465,"[1.0, 1.3448275862068966, 2.793103448275862, 3.3448275862068964]",68
466,"[1.0, 1.75, 2.125, 4.9375]",70
467,"[1.0, 2.3333333333333335, 2.619047619047619, 4.142857142857143]",70
468,"[1.0, 10.8, 11.8, 15.8]",70
469,"[1.0, 1.027027027027027, 1.2432432432432432, 2.108108108108108]",68
470,"[1.0, 3.8095238095238093, 3.9047619047619047, 4.0]",70
471,"[1.0, 3.6153846153846154, 6.461538461538462, 7.6923076923076925]",69
472,"[1.0, 1.5454545454545454, 3.1363636363636362, 4.363636363636363]",68
473,"[1.0, 3.1666666666666665, 7.833333333333333, 9.5]",69
474,"[1.0, 1.1944444444444444, 1.6111111111111112, 2.2777777777777777]",68
475,"[1.0, 4.428571428571429, 10.857142857142858, 13.571428571428571]",69
476,"[1.0, 1.625, 3.25, 9.5]",69
477,"[1.0, 1.1904761904761905, 3.7142857142857144, 4.428571428571429]",68
478,"[1.0, 1.0888888888888888, 1.2222222222222223, 1.9555555555555555]",68
479,"[1.0, 4.0, 4.5, 12.75]",70
480,"[1.0, 2.0, 3.35, 3.75]",68
481,"[1.0, 1.0625, 1.25, 1.8125]",68
482,"[1.0, 2.4285714285714284, 3.5238095238095237, 3.619047619047619]",68
483,"[1.0, 1.1956521739130435, 2.0869565217391304, 2.152173913043478]",68
484,"[1.0, 3.4, 5.333333333333333, 6.333333333333333]",69
485,"[1.0, 1.169811320754717, 1.3962264150943395, 1.830188679245283]",68
486,"[1.0, 4.076923076923077, 6.384615384615385, 7.615384615384615]",69
487,"[1.0, 3.5625, 5.1875, 6.0625]",69
488,"[1.0, 2.8421052631578947, 3.5789473684210527, 4.157894736842105]",69
489,"[1.0, 4.0, 9.0, 11.571428571428571]",69
490,"[1.0, 4.545454545454546, 5.2727272727272725, 7.0]",70
491,"[1.0, 1.015625, 1.046875, 1.34375]",68
492,"[1.0, 2.16, 2.24, 3.0]",70
493,"[1.0, 2.40625, 2.46875, 3.09375]",70
494,"[1.0, 1.0666666666666667, 1.9666666666666666, 2.9]",68
495,"[1.0, 1.271186440677966, 1.4406779661016949, 1.6101694915254237]",68
496,"[1.0, 1.2608695652173914, 2.5217391304347827, 2.6956521739130435]",68
497,"[1.0, 1.608695652173913, 2.0434782608695654, 3.9565217391304346]",69
498,"[1.0, 4.2, 6.9, 9.1]",69
499,"[1.0, 2.6, 10.2, 17.2]",69
500,"[1.0, 1.4444444444444444, 5.111111111111111, 7.666666666666667]",68
501,"[1.0, 2.1714285714285713, 2.2, 2.5142857142857142]",70
502,"[1.0, 1.375, 1.4642857142857142, 1.6964285714285714]",69
503,"[1.0, 1.3157894736842106, 1.5789473684210527, 3.473684210526316]",69
504,"[1.0, 1.0793650793650793, 1.2698412698412698, 1.5714285714285714]",68
505,"[1.0, 11.0, 25.0, 28.0]",69
506,"[1.0, 4.142857142857143, 5.714285714285714, 7.714285714285714]",70
507,"[1.0, 2.6315789473684212, 3.736842105263158, 4.2105263157894735]",69
508,"[1.0, 1.2419354838709677, 1.403225806451613, 1.5806451612903225]",68
509,"[1.0, 3.4545454545454546, 4.636363636363637, 6.636363636363637]",70
510,"[1.0, 1.4482758620689655, 1.6551724137931034, 3.4482758620689653]",70
511,"[1.0, 2.0, 2.1904761904761907, 4.0]",70
512,"[1.0, 1.6666666666666667, 2.5555555555555554, 3.037037037037037]",68
513,"[1.0, 1.0285714285714285, 1.2857142857142858, 1.7142857142857142]",68
514,"[1.0, 2.15625, 2.59375, 2.875]",69
515,"[1.0, 2.3157894736842106, 4.315789473684211, 5.157894736842105]",69
516,"[1.0, 1.608695652173913, 3.391304347826087, 3.8260869565217392]",68
517,"[1.0, 9.666666666666666, 28.666666666666668, 31.0]",69
518,"[1.0, 1.9230769230769231, 4.3076923076923075, 7.230769230769231]",69
519,"[1.0, 2.9047619047619047, 4.0476190476190474, 4.619047619047619]",69
520,"[1.0, 1.5161290322580645, 2.2580645161290325, 2.4838709677419355]",68
521,"[1.0, 2.4210526315789473, 2.9473684210526314, 4.842105263157895]",70
522,"[1.0, 1.1785714285714286, 1.7142857142857142, 1.7857142857142858]",68
523,"[1.0, 5.428571428571429, 6.285714285714286, 8.285714285714286]",70
524,"[1.0, 1.5510204081632653, 1.5714285714285714, 1.6734693877551021]",70
525,"[1.0, 1.2962962962962963, 1.6666666666666667, 1.7777777777777777]",68
526,"[1.0, 16.5, 20.5, 49.0]",70
527,"[1.0, 4.333333333333333, 16.333333333333332, 25.333333333333332]",69
528,"[1.0, 2.0416666666666665, 3.0833333333333335, 3.6666666666666665]",69
529,"[1.0, 2.730769230769231, 3.076923076923077, 3.769230769230769]",70
530,"[1.0, 1.4827586206896552, 1.6551724137931034, 2.7241379310344827]",70
531,"[1.0, 3.0, 6.071428571428571, 6.642857142857143]",68
532,"[1.0, 1.25, 6.25, 7.625]",68
533,"[1.0, 1.6666666666666667, 1.8571428571428572, 1.9047619047619047]",68
534,"[1.0, 2.9444444444444446, 3.7777777777777777, 4.277777777777778]",69
535,"[1.0, 1.1290322580645162, 2.3548387096774195, 3.161290322580645]",68
536,"[1.0, 2.0434782608695654, 2.608695652173913, 3.3043478260869565]",69
537,"[1.0, 1.8333333333333333, 6.333333333333333, 14.666666666666666]",69
538,"[1.0, 1.8095238095238095, 2.2857142857142856, 2.5238095238095237]",68
539,"[1.0, 1.2647058823529411, 1.5294117647058822, 2.3529411764705883]",69
540,"[1.0, 3.0, 64.0, 92.0]",69
541,"[1.0, 1.1428571428571428, 1.380952380952381, 1.492063492063492]",68
542,"[1.0, 1.2222222222222223, 1.3703703703703705, 1.8333333333333333]",69
543,"[1.0, 1.1590909090909092, 1.2272727272727273, 2.0681818181818183]",69
544,"[1.0, 4.888888888888889, 5.777777777777778, 10.222222222222221]",70
545,"[1.0, 2.769230769230769, 3.4615384615384617, 4.846153846153846]",70
546,"[1.0, 1.4736842105263157, 2.263157894736842, 2.3421052631578947]",68
547,"[1.0, 2.2, 3.4, 3.72]",68
548,"[1.0, 5.7272727272727275, 6.090909090909091, 6.2727272727272725]",70
549,"[1.0, 4.5, 7.1, 7.9]",69
550,"[1.0, 1.186046511627907, 1.4651162790697674, 1.9534883720930232]",68
551,"[1.0, 2.347826086956522, 2.869565217391304, 3.9130434782608696]",70
552,"[1.0, 7.666666666666667, 22.666666666666668, 26.666666666666668]",69
553,"[1.0, 12.5, 13.0, 15.5]",70
554,"[1.0, 1.125, 2.05, 2.225]",68
555,"[1.0, 1.360655737704918, 1.3934426229508197, 1.4918032786885247]",69
556,"[1.0, 1.044776119402985, 1.208955223880597, 1.4776119402985075]",68
557,"[1.0, 1.8205128205128205, 2.1794871794871793, 2.230769230769231]",68
558,"[1.0, 1.0555555555555556, 1.2777777777777777, 1.4259259259259258]",68
559,"[1.0, 1.4090909090909092, 3.0, 3.8636363636363638]",68
560,"[1.0, 2.380952380952381, 3.4761904761904763, 4.619047619047619]",69
561,"[1.0, 4.454545454545454, 5.090909090909091, 7.363636363636363]",70
562,"[1.0, 1.6428571428571428, 1.9285714285714286, 5.642857142857143]",70
563,"[1.0, 2.375, 3.5, 7.75]",70
564,"[1.0, 1.6486486486486487, 2.189189189189189, 2.5405405405405403]",68
565,"[1.0, 1.2, 1.225, 2.125]",70
566,"[1.0, 2.9166666666666665, 4.0, 8.0]",70
567,"[1.0, 29.0, 45.0, 67.0]",70
568,"[1.0, 3.0, 10.5, 36.0]",69
569,"[1.0, 3.230769230769231, 7.0, 7.615384615384615]",68
570,"[1.0, 10.5, 11.0, 12.0]",70
571,"[1.0, 1.8, 6.2, 10.6]",69
572,"[1.0, 3.1666666666666665, 7.333333333333333, 14.333333333333334]",69
573,"[1.0, 1.3636363636363635, 2.6363636363636362, 6.090909090909091]",69
574,"[1.0, 2.185185185185185, 3.037037037037037, 3.074074074074074]",68
575,"[1.0, 1.2419354838709677, 1.2741935483870968, 1.3387096774193548]",68
576,"[1.0, 4.916666666666667, 5.666666666666667, 7.333333333333333]",70
577,"[1.0, 8.5, 14.0, 20.0]",70
578,"[1.0, 5.133333333333334, 5.666666666666667, 6.666666666666667]",70
579,"[1.0, 2.0, 9.25, 20.75]",69
580,"[1.0, 1.1578947368421053, 1.3508771929824561, 1.5263157894736843]",68
581,"[1.0, 4.0, 5.428571428571429, 7.0]",70
582,"[1.0, 3.75, 6.5, 21.0]",70
583,"[1.0, 1.1875, 2.4375, 2.875]",68
584,"[1.0, 1.3333333333333333, 1.8333333333333333, 3.7222222222222223]",69
585,"[1.0, 2.1818181818181817, 2.4545454545454546, 2.727272727272727]",69
586,"[1.0, 2.0, 2.25, 2.75]",69
587,"[1.0, 1.1363636363636365, 2.1136363636363638, 2.272727272727273]",68
588,"[1.0, 1.0731707317073171, 1.146341463414634, 2.0]",69
589,"[1.0, 4.166666666666667, 4.333333333333333, 7.25]",70
590,"[1.0, 16.5, 34.5, 45.5]",70
591,"[1.0, 2.4545454545454546, 4.0, 4.545454545454546]",68
592,"[1.0, 1.0833333333333333, 1.3333333333333333, 2.3055555555555554]",68
593,"[1.0, 1.1587301587301588, 1.3015873015873016, 1.4126984126984128]",68
594,"[1.0, 2.142857142857143, 5.142857142857143, 5.857142857142857]",68
595,"[1.0, 13.0, 14.0, 17.0]",70
596,"[1.0, 8.0, 12.333333333333334, 18.666666666666668]",70
597,"[1.0, 1.0147058823529411, 1.2352941176470589, 1.2794117647058822]",68
598,"[1.0, 2.6666666666666665, 2.933333333333333, 6.466666666666667]",70
599,"[1.0, 3.2941176470588234, 4.764705882352941, 5.352941176470588]",69
600,"[1.0, 1.1428571428571428, 1.5238095238095237, 2.0952380952380953]",68
601,"[1.0, 2.5416666666666665, 2.5833333333333335, 3.625]",70
602,"[1.0, 2.1666666666666665, 4.0, 5.0]",69
603,"[1.0, 3.6, 13.0, 18.0]",69
604,"[1.0, 6.0, 13.0, 44.5]",70
605,"[1.0, 9.571428571428571, 10.571428571428571, 13.714285714285714]",70
606,"[1.0, 3.1052631578947367, 3.263157894736842, 4.578947368421052]",70
607,"[1.0, 1.6486486486486487, 1.837837837837838, 2.108108108108108]",69
608,"[1.0, 2.5714285714285716, 4.0, 4.285714285714286]",68
609,"[1.0, 1.3174603174603174, 1.4285714285714286, 1.5238095238095237]",68
610,"[1.0, 3.8461538461538463, 6.538461538461538, 7.615384615384615]",69
611,"[1.0, 1.4615384615384615, 4.846153846153846, 7.615384615384615]",68
612,"[1.0, 2.1333333333333333, 2.3333333333333335, 3.1]",70
613,"[1.0, 1.4285714285714286, 3.5714285714285716, 5.071428571428571]",68
614,"[1.0, 1.255813953488372, 2.13953488372093, 2.1627906976744184]",68
615,"[1.0, 1.8285714285714285, 1.9714285714285715, 2.5428571428571427]",70
616,"[1.0, 16.5, 30.5, 34.0]",70
617,"[1.0, 5.0, 5.6923076923076925, 6.230769230769231]",70
618,"[1.0, 1.0555555555555556, 3.1666666666666665, 3.7777777777777777]",68
619,"[1.0, 1.3636363636363635, 3.909090909090909, 7.636363636363637]",69
620,"[1.0, 1.0735294117647058, 1.2205882352941178, 1.4411764705882353]",68
621,"[1.0, 1.7142857142857142, 6.571428571428571, 6.857142857142857]",68
622,"[1.0, 3.142857142857143, 5.0, 10.714285714285714]",70
623,"[1.0, 1.6774193548387097, 2.032258064516129, 2.4193548387096775]",69
624,"[1.0, 3.0, 4.0, 37.5]",70
625,"[1.0, 6.0, 14.0, 31.0]",70
626,"[1.0, 1.1111111111111112, 1.2592592592592593, 1.7777777777777777]",68
627,"[1.0, 1.25, 2.0, 2.0833333333333335]",68
628,"[1.0, 2.142857142857143, 2.2857142857142856, 6.214285714285714]",70
629,"[1.0, 2.032258064516129, 2.903225806451613, 2.967741935483871]",68
630,"[1.0, 1.0892857142857142, 1.1071428571428572, 1.7678571428571428]",70
631,"[1.0, 10.2, 11.4, 13.0]",70
632,"[1.0, 1.4166666666666667, 5.5, 7.166666666666667]",68
633,"[1.0, 10.0, 16.0, 23.5]",70
634,"[1.0, 2.6875, 2.8125, 3.4375]",70
635,"[1.0, 1.0909090909090908, 1.1363636363636365, 1.4318181818181819]",68
636,"[1.0, 6.363636363636363, 6.7272727272727275, 8.818181818181818]",70
637,"[1.0, 1.135135135135135, 1.1756756756756757, 1.2297297297297298]",68
638,"[1.0, 1.2352941176470589, 1.2941176470588236, 2.5294117647058822]",70
639,"[1.0, 1.4642857142857142, 1.75, 3.2857142857142856]",69
640,"[1.0, 3.3636363636363638, 3.6818181818181817, 4.409090909090909]",70
641,"[1.0, 3.9411764705882355, 4.0588235294117645, 5.764705882352941]",70
642,"[1.0, 1.75, 1.9722222222222223, 2.3333333333333335]",69
643,"[1.0, 1.434782608695652, 2.6956521739130435, 3.5652173913043477]",68
644,"[1.0, 1.2894736842105263, 1.6842105263157894, 1.8421052631578947]",68
645,"[1.0, 10.0, 13.0, 18.333333333333332]",70
646,"[1.0, 2.857142857142857, 3.4285714285714284, 4.714285714285714]",70
647,"[1.0, 1.5, 5.916666666666667, 7.583333333333333]",68
648,"[1.0, 4.6, 8.7, 9.1]",68
649,"[1.0, 6.333333333333333, 9.333333333333334, 9.666666666666666]",69
650,"[1.0, 1.45, 2.225, 2.45]",68
651,"[1.0, 1.131578947368421, 2.3421052631578947, 2.3684210526315788]",68
652,"[1.0, 1.1296296296296295, 1.2777777777777777, 1.8148148148148149]",68
653,"[1.0, 1.3863636363636365, 1.6136363636363635, 1.8863636363636365]",68
654,"[1.0, 1.2380952380952381, 1.4761904761904763, 3.380952380952381]",69
655,"[1.0, 15.5, 29.0, 37.5]",70
656,"[1.0, 1.34375, 1.5625, 2.59375]",69
657,"[1.0, 1.5714285714285714, 3.5714285714285716, 6.285714285714286]",69
658,"[1.0, 1.0833333333333333, 1.4166666666666667, 7.75]",69
659,"[1.0, 2.210526315789474, 4.631578947368421, 4.7368421052631575]",68
660,"[1.0, 1.8888888888888888, 3.0555555555555554, 3.5555555555555554]",68
661,"[1.0, 1.3181818181818181, 2.090909090909091, 3.1818181818181817]",68
662,"[1.0, 1.35, 1.55, 1.675]",68
663,"[1.0, 1.3137254901960784, 1.4509803921568627, 1.9411764705882353]",69
664,"[1.0, 5.2, 12.0, 14.0]",69
665,"[1.0, 1.3043478260869565, 3.5652173913043477, 3.869565217391304]",68
666,"[1.0, 1.8571428571428572, 2.607142857142857, 3.3214285714285716]",69
667,"[1.0, 1.2, 1.6, 1.72]",68
668,"[1.0, 2.8, 3.8666666666666667, 4.666666666666667]",69
669,"[1.0, 3.4, 8.2, 12.4]",69
670,"[1.0, 5.5, 9.875, 11.75]",69
671,"[1.0, 35.0, 72.0, 78.0]",70
672,"[1.0, 3.5555555555555554, 6.555555555555555, 10.444444444444445]",69
673,"[1.0, 1.2127659574468086, 1.8936170212765957, 2.0638297872340425]",68
674,"[1.0, 4.0, 7.666666666666667, 9.666666666666666]",69
675,"[1.0, 1.2181818181818183, 1.6363636363636365, 1.709090909090909]",68
676,"[1.0, 1.0833333333333333, 2.0833333333333335, 3.75]",68
677,"[1.0, 3.066666666666667, 3.7333333333333334, 5.4]",70
678,"[1.0, 1.6486486486486487, 1.7567567567567568, 2.324324324324324]",70
679,"[1.0, 1.21875, 2.03125, 2.25]",68
680,"[1.0, 1.3333333333333333, 1.7333333333333334, 2.2666666666666666]",68
681,"[1.0, 4.0, 40.5, 43.0]",68
682,"[1.0, 3.1818181818181817, 7.090909090909091, 8.727272727272727]",69
683,"[1.0, 4.5, 7.166666666666667, 7.416666666666667]",68
684,"[1.0, 1.1818181818181819, 3.090909090909091, 3.409090909090909]",68
685,"[1.0, 1.2448979591836735, 1.530612244897959, 1.6734693877551021]",68
686,"[1.0, 6.714285714285714, 7.428571428571429, 12.571428571428571]",70
687,"[1.0, 10.0, 15.0, 25.333333333333332]",70
688,"[1.0, 1.4285714285714286, 3.4285714285714284, 3.7142857142857144]",68
689,"[1.0, 5.714285714285714, 8.285714285714286, 10.0]",70
690,"[1.0, 1.4722222222222223, 1.5, 2.25]",70
691,"[1.0, 48.0, 73.0, 98.0]",70
692,"[1.0, 3.8333333333333335, 4.777777777777778, 5.111111111111111]",69
693,"[1.0, 13.2, 13.4, 15.4]",70
694,"[1.0, 4.823529411764706, 5.411764705882353, 5.470588235294118]",68
695,"[1.0, 1.3529411764705883, 2.6470588235294117, 2.823529411764706]",68
696,"[1.0, 1.7727272727272727, 2.4545454545454546, 3.5454545454545454]",69
697,"[1.0, 3.1578947368421053, 3.9473684210526314, 4.315789473684211]",69
698,"[1.0, 2.076923076923077, 2.5, 2.6923076923076925]",68
699,"[1.0, 1.5555555555555556, 2.7037037037037037, 3.5555555555555554]",68
700,"[1.0, 1.8823529411764706, 2.0588235294117645, 3.5294117647058822]",70
701,"[1.0, 1.1666666666666667, 1.5416666666666667, 4.0]",69
702,"[1.0, 12.0, 19.0, 24.0]",70
703,"[1.0, 1.3953488372093024, 1.627906976744186, 2.2325581395348837]",69
704,"[1.0, 1.5909090909090908, 2.1818181818181817, 4.2272727272727275]",69
705,"[1.0, 1.2, 1.84, 1.98]",68
706,"[1.0, 2.12, 2.64, 2.96]",69
707,"[1.0, 1.1388888888888888, 1.9166666666666667, 2.7777777777777777]",68
708,"[1.0, 1.8888888888888888, 4.222222222222222, 6.222222222222222]",69
709,"[1.0, 2.0833333333333335, 5.25, 5.833333333333333]",68
710,"[1.0, 4.833333333333333, 15.666666666666666, 16.666666666666668]",68
711,"[1.0, 5.333333333333333, 23.666666666666668, 26.666666666666668]",69
712,"[1.0, 3.0625, 4.1875, 5.1875]",69
713,"[1.0, 1.3725490196078431, 1.411764705882353, 1.7254901960784315]",70
714,"[1.0, 1.5789473684210527, 2.5789473684210527, 5.157894736842105]",69
715,"[1.0, 52.0, 80.0, 94.0]",70
716,"[1.0, 2.25, 3.5, 12.125]",70
717,"[1.0, 1.3968253968253967, 1.507936507936508, 1.5714285714285714]",68
718,"[1.0, 1.0857142857142856, 1.457142857142857, 2.342857142857143]",68
719,"[1.0, 2.0606060606060606, 2.909090909090909, 2.9393939393939394]",68
720,"[1.0, 1.4, 10.0, 19.6]",69
721,"[1.0, 10.0, 25.5, 42.5]",70
722,"[1.0, 2.08, 2.24, 3.4]",70
723,"[1.0, 1.1428571428571428, 2.3333333333333335, 3.8095238095238093]",68
724,"[1.0, 12.2, 14.4, 17.2]",70
725,"[1.0, 27.0, 35.0, 76.0]",70
726,"[1.0, 2.2222222222222223, 2.8518518518518516, 3.259259259259259]",69
727,"[1.0, 3.6666666666666665, 21.666666666666668, 30.0]",69
728,"[1.0, 12.0, 29.0, 91.0]",70
729,"[1.0, 1.2105263157894737, 2.3157894736842106, 2.4210526315789473]",68
730,"[1.0, 4.357142857142857, 5.642857142857143, 6.357142857142857]",69
731,"[1.0, 2.1666666666666665, 10.833333333333334, 11.5]",68
732,"[1.0, 2.090909090909091, 2.5454545454545454, 2.9545454545454546]",69
733,"[1.0, 4.5, 4.6, 5.0]",70
734,"[1.0, 1.25, 2.65, 3.15]",68
735,"[1.0, 2.3333333333333335, 4.133333333333334, 6.2]",69
736,"[1.0, 2.857142857142857, 6.571428571428571, 7.0]",68
737,"[1.0, 1.5, 8.333333333333334, 11.166666666666666]",68
738,"[1.0, 1.2619047619047619, 1.4285714285714286, 1.5952380952380953]",68
739,"[1.0, 1.0769230769230769, 1.435897435897436, 1.7435897435897436]",68
740,"[1.0, 2.875, 5.5, 7.625]",69
741,"[1.0, 1.45, 4.4, 4.45]",68
742,"[1.0, 2.0, 4.2, 17.4]",69
743,"[1.0, 1.679245283018868, 1.7358490566037736, 1.830188679245283]",69
744,"[1.0, 2.3333333333333335, 5.0, 7.416666666666667]",69
745,"[1.0, 1.9285714285714286, 1.9642857142857142, 3.4642857142857144]",70
746,"[1.0, 2.5555555555555554, 10.0, 10.88888888888889]",68
747,"[1.0, 1.3265306122448979, 1.510204081632653, 1.7142857142857142]",68
748,"[1.0, 2.36, 2.72, 3.8]",70
749,"[1.0, 6.0, 19.0, 26.333333333333332]",69
750,"[1.0, 1.3333333333333333, 1.6, 4.2]",69
751,"[1.0, 8.5, 17.0, 21.75]",70
752,"[1.0, 3.6666666666666665, 8.333333333333334, 9.333333333333334]",69
753,"[1.0, 1.6, 2.9, 5.0]",69
754,"[1.0, 3.9, 8.2, 9.0]",69
755,"[1.0, 1.3636363636363635, 1.7045454545454546, 2.1136363636363638]",68
756,"[1.0, 4.181818181818182, 5.0, 8.545454545454545]",70
757,"[1.0, 1.4666666666666666, 2.3333333333333335, 6.6]",69
758,"[1.0, 1.3225806451612903, 1.5806451612903225, 2.774193548387097]",69
759,"[1.0, 1.6176470588235294, 2.176470588235294, 2.7941176470588234]",69
760,"[1.0, 1.7083333333333333, 2.1666666666666665, 2.25]",68
761,"[1.0, 1.967741935483871, 2.225806451612903, 2.870967741935484]",69
762,"[1.0, 1.625, 3.6666666666666665, 3.9583333333333335]",68
763,"[1.0, 1.75, 1.8125, 3.4375]",70
764,"[1.0, 1.9743589743589745, 2.230769230769231, 2.2564102564102564]",68
765,"[1.0, 1.5, 1.75, 2.475]",69
766,"[1.0, 1.8888888888888888, 2.0, 8.11111111111111]",70
767,"[1.0, 1.0384615384615385, 1.1153846153846154, 2.923076923076923]",69
768,"[1.0, 5.333333333333333, 28.0, 32.666666666666664]",69
769,"[1.0, 1.2, 2.24, 3.84]",68
770,"[1.0, 1.4166666666666667, 1.4583333333333333, 3.875]",70
771,"[1.0, 1.7, 2.5, 4.3]",69
772,"[1.0, 4.444444444444445, 5.0, 10.444444444444445]",70
773,"[1.0, 1.4285714285714286, 4.571428571428571, 5.0]",68
774,"[1.0, 2.2, 2.6, 3.9]",70
775,"[1.0, 1.4146341463414633, 2.024390243902439, 2.073170731707317]",68
776,"[1.0, 1.1111111111111112, 1.6666666666666667, 3.2962962962962963]",68
777,"[1.0, 6.583333333333333, 6.916666666666667, 7.083333333333333]",70
778,"[1.0, 1.5, 2.142857142857143, 6.357142857142857]",69
779,"[1.0, 6.571428571428571, 7.142857142857143, 9.142857142857142]",70
780,"[1.0, 1.76, 2.2, 3.16]",69
781,"[1.0, 6.777777777777778, 10.0, 10.88888888888889]",69
782,"[1.0, 2.2, 3.8, 5.733333333333333]",69
783,"[1.0, 1.7435897435897436, 2.2564102564102564, 2.4358974358974357]",68
784,"[1.0, 3.0, 5.666666666666667, 6.666666666666667]",69
785,"[1.0, 2.081081081081081, 2.27027027027027, 2.4054054054054053]",69
786,"[1.0, 1.2777777777777777, 1.3333333333333333, 1.3703703703703705]",68
787,"[1.0, 4.222222222222222, 4.333333333333333, 5.277777777777778]",70
788,"[1.0, 1.2307692307692308, 1.3461538461538463, 2.423076923076923]",69
789,"[1.0, 1.1142857142857143, 1.4, 2.6285714285714286]",69
790,"[1.0, 1.588235294117647, 2.235294117647059, 2.588235294117647]",68
791,"[1.0, 1.45, 2.4, 3.15]",68
792,"[1.0, 1.5365853658536586, 1.8048780487804879, 2.4390243902439024]",69
793,"[1.0, 1.3414634146341464, 1.4390243902439024, 1.8780487804878048]",69
794,"[1.0, 1.5, 3.1875, 4.6875]",68
795,"[1.0, 1.3333333333333333, 2.1333333333333333, 2.6]",68
796,"[1.0, 1.7777777777777777, 2.2222222222222223, 2.6944444444444446]",69
797,"[1.0, 2.269230769230769, 2.423076923076923, 3.230769230769231]",70
798,"[1.0, 6.4, 10.0, 17.2]",70
799,"[1.0, 6.5, 29.5, 39.5]",69
800,"[1.0, 1.5454545454545454, 3.727272727272727, 3.909090909090909]",68
801,"[1.0, 5.666666666666667, 17.0, 24.666666666666668]",69
802,"[1.0, 2.1515151515151514, 2.6666666666666665, 2.909090909090909]",68
803,"[1.0, 3.0, 3.7142857142857144, 9.428571428571429]",70
804,"[1.0, 2.4166666666666665, 2.8333333333333335, 3.625]",70
805,"[1.0, 1.44, 2.04, 2.48]",68
806,"[1.0, 1.4375, 1.71875, 2.6875]",69
807,"[1.0, 2.5714285714285716, 2.7857142857142856, 4.214285714285714]",70
808,"[1.0, 1.125, 1.5, 2.2916666666666665]",68
809,"[1.0, 33.0, 39.0, 46.0]",70
810,"[1.0, 1.1081081081081081, 1.5405405405405406, 1.864864864864865]",68
811,"[1.0, 1.2439024390243902, 1.5121951219512195, 2.2195121951219514]",69
812,"[1.0, 1.1666666666666667, 2.533333333333333, 3.2666666666666666]",68
813,"[1.0, 9.0, 13.0, 16.2]",70
814,"[1.0, 3.1538461538461537, 4.923076923076923, 6.769230769230769]",69
815,"[1.0, 3.5454545454545454, 4.181818181818182, 6.454545454545454]",70
816,"[1.0, 4.0, 4.333333333333333, 4.777777777777778]",70
817,"[1.0, 4.0, 14.5, 21.5]",69
818,"[1.0, 2.9583333333333335, 3.1666666666666665, 3.625]",70
819,"[1.0, 1.7142857142857142, 5.714285714285714, 9.571428571428571]",69
820,"[1.0, 1.8235294117647058, 3.1176470588235294, 4.294117647058823]",69
821,"[1.0, 1.8235294117647058, 2.2941176470588234, 2.411764705882353]",68
822,"[1.0, 3.8461538461538463, 4.153846153846154, 5.923076923076923]",70
823,"[1.0, 4.875, 6.25, 9.5]",70
824,"[1.0, 1.6774193548387097, 1.7096774193548387, 2.4838709677419355]",70
825,"[1.0, 4.25, 4.375, 5.0]",70
826,"[1.0, 2.0625, 2.21875, 2.90625]",70
827,"[1.0, 1.0476190476190477, 1.5238095238095237, 2.2857142857142856]",68
828,"[1.0, 19.5, 28.0, 43.0]",70
829,"[1.0, 10.333333333333334, 11.0, 21.333333333333332]",70
830,"[1.0, 1.2647058823529411, 1.8235294117647058, 2.411764705882353]",68
831,"[1.0, 3.04, 3.56, 3.92]",69
832,"[1.0, 2.75, 9.5, 12.5]",69
833,"[1.0, 2.857142857142857, 5.214285714285714, 6.357142857142857]",69
834,"[1.0, 1.0303030303030303, 1.2121212121212122, 2.4545454545454546]",68
835,"[1.0, 2.466666666666667, 3.2, 3.3]",68
836,"[1.0, 9.0, 25.0, 92.0]",70
837,"[1.0, 1.8936170212765957, 2.0, 2.127659574468085]",69
838,"[1.0, 1.1818181818181819, 1.4242424242424243, 1.878787878787879]",68
839,"[1.0, 19.0, 25.0, 90.0]",70
840,"[1.0, 2.0, 31.0, 49.0]",69
841,"[1.0, 1.3111111111111111, 1.488888888888889, 2.1333333333333333]",69
842,"[1.0, 2.7, 3.1, 7.7]",70
843,"[1.0, 1.152542372881356, 1.2033898305084745, 1.2203389830508475]",68
844,"[1.0, 1.2941176470588236, 1.8823529411764706, 2.6470588235294117]",68
845,"[1.0, 1.2105263157894737, 1.2456140350877194, 1.5614035087719298]",69
846,"[1.0, 2.5454545454545454, 2.8181818181818183, 4.2727272727272725]",70
847,"[1.0, 1.4166666666666667, 3.9166666666666665, 7.833333333333333]",69
848,"[1.0, 1.6923076923076923, 3.6923076923076925, 5.923076923076923]",69
849,"[1.0, 4.0, 4.818181818181818, 7.0]",70
850,"[1.0, 2.0, 9.6, 17.8]",69
851,"[1.0, 4.714285714285714, 8.285714285714286, 9.142857142857142]",69
852,"[1.0, 1.0740740740740742, 1.8148148148148149, 2.925925925925926]",68
853,"[1.0, 19.333333333333332, 22.666666666666668, 25.666666666666668]",70
854,"[1.0, 2.4, 6.8, 7.8]",68
855,"[1.0, 2.090909090909091, 4.0, 8.363636363636363]",69
856,"[1.0, 14.0, 29.333333333333332, 33.0]",69
857,"[1.0, 11.0, 66.0, 78.0]",69
858,"[1.0, 1.3703703703703705, 1.5555555555555556, 2.074074074074074]",69
859,"[1.0, 2.5, 5.125, 7.75]",69
860,"[1.0, 1.173913043478261, 2.0217391304347827, 2.0869565217391304]",68
861,"[1.0, 26.0, 28.0, 35.0]",70
862,"[1.0, 37.0, 55.0, 92.0]",70
863,"[1.0, 2.6363636363636362, 3.8636363636363638, 3.9545454545454546]",68
864,"[1.0, 2.7777777777777777, 5.111111111111111, 6.666666666666667]",69
865,"[1.0, 1.4666666666666666, 3.466666666666667, 5.2]",68
866,"[1.0, 6.0, 8.5, 46.5]",70
867,"[1.0, 5.666666666666667, 13.166666666666666, 16.0]",69
868,"[1.0, 1.625, 10.5, 11.875]",68
869,"[1.0, 1.275, 1.95, 2.5]",68
870,"[1.0, 1.5217391304347827, 2.6956521739130435, 2.739130434782609]",68
871,"[1.0, 2.375, 3.75, 9.875]",70
872,"[1.0, 2.3076923076923075, 3.0, 4.384615384615385]",69
873,"[1.0, 1.0476190476190477, 2.142857142857143, 3.238095238095238]",68
874,"[1.0, 1.625, 2.75, 4.041666666666667]",69
875,"[1.0, 2.05, 2.2, 3.85]",70
876,"[1.0, 1.0576923076923077, 1.7115384615384615, 1.7884615384615385]",68
877,"[1.0, 1.25, 1.5, 2.6]",69
878,"[1.0, 1.03125, 1.1875, 1.34375]",68
879,"[1.0, 1.7073170731707317, 1.8048780487804879, 2.341463414634146]",70
880,"[1.0, 23.666666666666668, 27.333333333333332, 32.666666666666664]",70
881,"[1.0, 18.0, 54.0, 96.0]",70
882,"[1.0, 1.255813953488372, 1.9069767441860466, 2.0697674418604652]",68
883,"[1.0, 7.0, 10.25, 12.0]",70
884,"[1.0, 4.0, 4.090909090909091, 4.181818181818182]",70
885,"[1.0, 1.0512820512820513, 1.3076923076923077, 1.4871794871794872]",68
886,"[1.0, 1.1904761904761905, 1.4126984126984128, 1.4285714285714286]",68
887,"[1.0, 15.0, 52.0, 69.0]",70
888,"[1.0, 1.3846153846153846, 3.6923076923076925, 3.8461538461538463]",68
889,"[1.0, 1.4210526315789473, 1.868421052631579, 1.894736842105263]",68
890,"[1.0, 1.0833333333333333, 2.0, 2.4722222222222223]",68
891,"[1.0, 1.2105263157894737, 1.9736842105263157, 2.0]",68
892,"[1.0, 3.25, 4.625, 5.375]",69
893,"[1.0, 9.0, 11.285714285714286, 13.571428571428571]",70
894,"[1.0, 8.5, 11.0, 11.875]",70
895,"[1.0, 1.6296296296296295, 2.4074074074074074, 3.5185185185185186]",69
896,"[1.0, 4.076923076923077, 5.0, 5.923076923076923]",70
897,"[1.0, 4.6, 4.933333333333334, 5.0]",69
898,"[1.0, 3.2941176470588234, 5.352941176470588, 5.764705882352941]",68
899,"[1.0, 58.0, 61.0, 92.0]",70
900,"[1.0, 3.1, 4.8, 8.3]",70
901,"[1.0, 1.2380952380952381, 2.0, 2.238095238095238]",68
902,"[1.0, 4.222222222222222, 4.555555555555555, 5.666666666666667]",70
903,"[1.0, 2.0, 6.5, 7.0]",68
904,"[1.0, 4.214285714285714, 4.928571428571429, 5.214285714285714]",69
905,"[1.0, 3.3333333333333335, 5.0, 20.0]",70
906,"[1.0, 1.2, 1.6, 1.9]",68
907,"[1.0, 3.75, 8.875, 12.125]",69
908,"[1.0, 3.857142857142857, 4.714285714285714, 6.857142857142857]",70
909,"[1.0, 3.2, 10.6, 14.0]",69
910,"[1.0, 1.2222222222222223, 1.4444444444444444, 1.7555555555555555]",68
911,"[1.0, 1.09375, 1.140625, 1.5625]",69
912,"[1.0, 2.35, 4.3, 4.7]",68
913,"[1.0, 1.6842105263157894, 1.9210526315789473, 2.526315789473684]",69
914,"[1.0, 1.5555555555555556, 2.0, 3.6666666666666665]",69
915,"[1.0, 4.0, 5.166666666666667, 7.666666666666667]",70
916,"[1.0, 1.606060606060606, 2.090909090909091, 2.121212121212121]",68
917,"[1.0, 2.75, 3.5, 3.6]",68
918,"[1.0, 2.7083333333333335, 3.375, 4.083333333333333]",69
919,"[1.0, 2.6551724137931036, 2.9310344827586206, 2.9655172413793105]",68
920,"[1.0, 1.4, 4.2, 12.0]",69
921,"[1.0, 22.0, 32.5, 43.0]",70
922,"[1.0, 3.5555555555555554, 4.0, 9.88888888888889]",70
923,"[1.0, 1.1363636363636365, 2.5, 4.136363636363637]",68
924,"[1.0, 3.3333333333333335, 3.5555555555555554, 4.555555555555555]",70
925,"[1.0, 1.2, 2.8666666666666667, 4.533333333333333]",68
926,"[1.0, 5.5, 16.5, 22.75]",69
927,"[1.0, 2.7, 4.8, 7.9]",69
928,"[1.0, 3.4, 4.3, 5.9]",70
929,"[1.0, 14.0, 17.0, 20.75]",70
930,"[1.0, 1.5, 1.75, 10.25]",70
931,"[1.0, 9.8, 11.8, 17.6]",70
932,"[1.0, 2.8333333333333335, 3.111111111111111, 4.277777777777778]",70
933,"[1.0, 1.5660377358490567, 1.7169811320754718, 1.830188679245283]",68
934,"[1.0, 1.1333333333333333, 1.35, 1.45]",68
935,"[1.0, 4.5, 7.0, 21.5]",70
936,"[1.0, 1.3846153846153846, 1.6923076923076923, 5.384615384615385]",69
937,"[1.0, 1.368421052631579, 1.4736842105263157, 5.2105263157894735]",70
938,"[1.0, 34.0, 48.0, 61.0]",70
939,"[1.0, 1.1714285714285715, 1.2285714285714286, 2.6]",70
940,"[1.0, 1.3333333333333333, 1.5925925925925926, 3.4074074074074074]",69
941,"[1.0, 1.3461538461538463, 2.0384615384615383, 3.0384615384615383]",67
942,"[1.0, 1.8, 14.4, 16.6]",68
943,"[1.0, 10.5, 21.5, 46.0]",70
944,"[1.0, 2.0, 40.0, 65.0]",69
945,"[1.0, 2.6363636363636362, 5.181818181818182, 5.818181818181818]",68
946,"[1.0, 1.4615384615384615, 4.0, 7.0]",69
947,"[1.0, 1.7142857142857142, 2.7857142857142856, 5.214285714285714]",69
948,"[1.0, 1.6538461538461537, 3.076923076923077, 3.576923076923077]",68
949,"[1.0, 1.925, 2.075, 2.325]",69
950,"[1.0, 15.0, 33.0, 48.0]",70
951,"[1.0, 1.0909090909090908, 2.590909090909091, 4.2727272727272725]",68
952,"[1.0, 1.0121951219512195, 1.0853658536585367, 1.1097560975609757]",68
953,"[1.0, 3.7142857142857144, 7.714285714285714, 8.0]",68
954,"[1.0, 2.2666666666666666, 2.466666666666667, 2.9]",70
955,"[1.0, 11.5, 33.5, 40.5]",69
956,"[1.0, 1.375, 1.78125, 2.0]",68
957,"[1.0, 2.4375, 4.875, 5.0]",68
958,"[1.0, 6.333333333333333, 12.5, 14.166666666666666]",69
959,"[1.0, 1.4, 7.2, 7.6]",68
960,"[1.0, 1.3508771929824561, 1.6140350877192982, 1.6666666666666667]",68
961,"[1.0, 4.214285714285714, 4.571428571428571, 5.285714285714286]",70
962,"[1.0, 2.9166666666666665, 6.0, 8.083333333333334]",69
963,"[1.0, 8.428571428571429, 13.0, 13.285714285714286]",68
964,"[1.0, 3.5, 21.0, 25.5]",69
965,"[1.0, 1.3559322033898304, 1.3898305084745763, 1.4576271186440677]",69
966,"[1.0, 1.25, 2.0, 19.75]",69
967,"[1.0, 1.9615384615384615, 2.576923076923077, 3.1538461538461537]",69
968,"[1.0, 1.775, 2.075, 2.2]",68
969,"[1.0, 1.3333333333333333, 4.0, 7.666666666666667]",69
970,"[1.0, 7.0, 9.0, 11.5]",70
971,"[1.0, 2.0, 29.0, 38.0]",68
972,"[1.0, 3.5454545454545454, 7.454545454545454, 7.545454545454546]",68
973,"[1.0, 9.166666666666666, 14.333333333333334, 14.833333333333334]",69
974,"[1.0, 1.6944444444444444, 2.25, 2.638888888888889]",68
975,"[1.0, 1.7142857142857142, 2.2857142857142856, 2.342857142857143]",68
976,"[1.0, 6.75, 19.0, 19.25]",68
977,"[1.0, 3.0, 12.833333333333334, 16.666666666666668]",69
978,"[1.0, 7.5, 16.0, 43.5]",70
979,"[1.0, 2.388888888888889, 3.2222222222222223, 4.222222222222222]",69
980,"[1.0, 2.2142857142857144, 3.5714285714285716, 3.857142857142857]",68
981,"[1.0, 3.3333333333333335, 6.666666666666667, 7.0]",68
982,"[1.0, 1.1666666666666667, 3.2777777777777777, 4.888888888888889]",68
983,"[1.0, 3.0, 14.5, 22.75]",69
984,"[1.0, 1.7826086956521738, 2.0434782608695654, 3.130434782608696]",70
985,"[1.0, 1.225, 1.8, 2.4]",68
986,"[1.0, 1.3859649122807018, 1.5614035087719298, 1.7543859649122806]",68
987,"[1.0, 1.2903225806451613, 1.5483870967741935, 2.3225806451612905]",69
988,"[1.0, 1.5, 27.5, 34.0]",68
989,"[1.0, 8.2, 9.2, 19.2]",70
990,"[1.0, 1.2121212121212122, 2.515151515151515, 2.8181818181818183]",68
991,"[1.0, 6.333333333333333, 7.666666666666667, 8.11111111111111]",69
992,"[1.0, 1.7142857142857142, 4.857142857142857, 5.285714285714286]",68
993,"[1.0, 2.4, 3.4, 4.35]",69
994,"[1.0, 7.5, 11.375, 12.25]",69
995,"[1.0, 2.2, 7.1, 7.2]",68
996,"[1.0, 1.4857142857142858, 2.0285714285714285, 2.2285714285714286]",68
997,"[1.0, 4.538461538461538, 4.615384615384615, 7.384615384615385]",70
998,"[1.0, 1.2826086956521738, 1.3695652173913044, 2.152173913043478]",69
999,"[1.0, 9.25, 15.25, 19.75]",70
