,vertice,f_vector
0,"[53, 89, 56, 79, 24]",120 1124 2624 2346 728
1,"[58, 77, 55, 87, 40]",120 1121 2615 2337 725
2,"[39, 77, 44, 65, 13]",120 1133 2651 2373 737
3,"[66, 96, 69, 32, 24]",120 1140 2676 2402 748
4,"[45, 90, 85, 65, 54]",120 1110 2582 2304 714
5,"[25, 24, 67, 54, 4]",120 1133 2651 2373 737
6,"[74, 89, 99, 3, 82]",120 1143 2681 2403 747
7,"[54, 25, 40, 59, 81]",120 1139 2671 2395 745
8,"[17, 5, 24, 25, 26]",120 1126 2631 2354 731
9,"[33, 1, 99, 80, 97]",120 1138 2666 2388 742
10,"[45, 76, 97, 70, 1]",120 1153 2713 2437 759
11,"[24, 25, 48, 58, 56]",120 1110 2582 2304 714
12,"[3, 95, 61, 40, 69]",120 1153 2713 2437 759
13,"[94, 23, 60, 26, 68]",120 1140 2676 2402 748
14,"[24, 37, 14, 18, 92]",120 1138 2670 2396 746
15,"[38, 52, 57, 80, 84]",120 1119 2609 2331 723
16,"[48, 78, 11, 17, 8]",120 1138 2671 2398 747
17,"[20, 99, 50, 16, 38]",120 1141 2678 2403 748
18,"[28, 13, 82, 69, 9]",120 1125 2629 2353 731
19,"[60, 83, 66, 14, 74]",120 1140 2672 2394 744
20,"[28, 30, 92, 5, 85]",120 1131 2646 2369 736
21,"[99, 31, 14, 17, 47]",120 1134 2657 2382 741
22,"[70, 30, 96, 87, 40]",120 1116 2600 2322 720
23,"[40, 26, 21, 13, 67]",120 1133 2652 2375 738
24,"[46, 30, 53, 83, 19]",120 1141 2677 2401 747
25,"[89, 26, 98, 14, 63]",120 1121 2615 2337 725
26,"[19, 62, 34, 60, 20]",120 1110 2582 2304 714
27,"[36, 70, 79, 81, 42]",120 1110 2582 2304 714
28,"[58, 70, 42, 44, 9]",120 1143 2681 2403 747
29,"[51, 14, 68, 13, 54]",120 1140 2676 2402 748
30,"[50, 32, 92, 26, 59]",120 1132 2650 2374 738
31,"[95, 75, 16, 6, 44]",120 1141 2678 2403 748
32,"[9, 75, 72, 47, 31]",120 1122 2618 2340 726
33,"[60, 100, 55, 35, 97]",120 1122 2618 2340 726
34,"[28, 97, 36, 52, 79]",120 1116 2600 2322 720
35,"[50, 44, 2, 74, 57]",120 1144 2684 2406 748
36,"[92, 47, 90, 93, 40]",120 1112 2588 2310 716
37,"[7, 53, 52, 22, 84]",120 1153 2715 2441 761
38,"[52, 47, 83, 2, 68]",120 1143 2681 2403 747
39,"[27, 95, 54, 82, 29]",120 1110 2582 2304 714
40,"[33, 62, 32, 88, 87]",120 1110 2582 2304 714
41,"[91, 23, 43, 82, 83]",120 1140 2676 2402 748
42,"[99, 89, 30, 11, 24]",120 1122 2620 2344 728
43,"[28, 2, 69, 54, 9]",120 1144 2688 2414 752
44,"[24, 74, 41, 5, 73]",120 1122 2618 2340 726
45,"[83, 77, 12, 7, 23]",120 1125 2629 2353 731
46,"[27, 61, 41, 75, 45]",120 1123 2621 2343 727
47,"[39, 67, 18, 98, 21]",120 1127 2636 2361 734
48,"[55, 23, 77, 2, 76]",120 1127 2633 2355 731
49,"[97, 95, 86, 61, 50]",120 1110 2582 2304 714
50,"[65, 24, 75, 1, 32]",120 1143 2681 2403 747
51,"[84, 14, 56, 51, 96]",120 1133 2651 2373 737
52,"[46, 68, 94, 38, 5]",120 1143 2681 2403 747
53,"[85, 44, 92, 34, 9]",120 1127 2633 2355 731
54,"[4, 85, 32, 65, 13]",120 1144 2688 2414 752
55,"[13, 48, 45, 7, 42]",120 1137 2666 2391 744
56,"[11, 52, 36, 35, 16]",120 1140 2676 2402 748
57,"[54, 84, 26, 29, 19]",120 1126 2630 2352 730
58,"[100, 99, 44, 64, 63]",120 1122 2618 2340 726
59,"[89, 78, 70, 54, 27]",120 1123 2622 2345 728
60,"[31, 56, 39, 41, 10]",120 1149 2701 2425 755
61,"[38, 97, 47, 77, 40]",120 1110 2582 2304 714
62,"[10, 74, 17, 5, 24]",120 1154 2722 2452 766
63,"[7, 92, 53, 21, 78]",120 1140 2674 2398 746
64,"[65, 22, 77, 69, 41]",120 1130 2644 2368 736
65,"[61, 32, 47, 79, 24]",120 1126 2631 2354 731
66,"[70, 66, 92, 7, 52]",120 1152 2710 2434 758
67,"[72, 89, 6, 14, 57]",120 1144 2688 2414 752
68,"[90, 20, 50, 68, 8]",120 1142 2680 2404 748
69,"[65, 88, 16, 5, 63]",120 1149 2703 2429 757
70,"[62, 69, 61, 51, 92]",120 1125 2627 2349 729
71,"[59, 41, 45, 60, 94]",120 1140 2676 2402 748
72,"[4, 82, 22, 92, 48]",120 1138 2666 2388 742
73,"[25, 88, 52, 74, 64]",120 1132 2649 2372 737
74,"[63, 92, 16, 24, 45]",120 1131 2647 2371 737
75,"[5, 49, 12, 27, 30]",120 1149 2703 2429 757
76,"[56, 96, 82, 54, 81]",120 1140 2676 2402 748
77,"[40, 80, 90, 73, 31]",120 1127 2635 2359 733
78,"[23, 84, 42, 12, 24]",120 1137 2667 2393 745
79,"[57, 60, 15, 58, 28]",120 1137 2666 2391 744
80,"[39, 12, 1, 38, 35]",120 1138 2668 2392 744
81,"[57, 7, 12, 96, 2]",120 1153 2719 2449 765
82,"[65, 78, 85, 20, 77]",120 1140 2674 2398 746
83,"[3, 6, 41, 86, 33]",120 1155 2723 2451 765
84,"[69, 25, 52, 86, 50]",120 1133 2651 2373 737
85,"[54, 49, 16, 45, 53]",120 1121 2615 2337 725
86,"[96, 24, 49, 90, 27]",120 1110 2582 2304 714
87,"[58, 44, 32, 4, 57]",120 1127 2633 2355 731
88,"[7, 10, 82, 53, 62]",120 1140 2676 2402 748
89,"[9, 83, 56, 32, 33]",120 1137 2663 2385 741
90,"[88, 44, 10, 47, 53]",120 1144 2684 2406 748
91,"[85, 8, 86, 18, 47]",120 1116 2600 2322 720
92,"[49, 92, 78, 81, 29]",120 1134 2657 2382 741
93,"[19, 54, 22, 76, 39]",120 1125 2629 2353 731
94,"[90, 71, 69, 50, 26]",120 1149 2703 2429 757
95,"[80, 65, 56, 67, 46]",120 1130 2644 2368 736
96,"[38, 86, 70, 11, 21]",120 1125 2627 2349 729
97,"[19, 25, 35, 9, 95]",120 1155 2724 2453 766
98,"[69, 62, 40, 73, 46]",120 1110 2582 2304 714
99,"[51, 39, 80, 55, 52]",120 1138 2666 2388 742
100,"[53, 38, 42, 100, 70]",120 1116 2600 2322 720
101,"[56, 72, 70, 39, 78]",120 1130 2644 2368 736
102,"[39, 56, 45, 8, 88]",120 1144 2685 2408 749
103,"[98, 24, 51, 1, 18]",120 1159 2736 2465 770
104,"[18, 53, 13, 36, 26]",120 1129 2641 2365 735
105,"[83, 16, 52, 11, 72]",120 1125 2629 2353 731
106,"[95, 79, 14, 38, 20]",120 1122 2619 2342 727
107,"[44, 75, 26, 18, 27]",120 1135 2659 2383 741
108,"[52, 65, 62, 50, 18]",120 1124 2624 2346 728
109,"[11, 55, 56, 24, 76]",120 1149 2703 2429 757
110,"[94, 6, 3, 77, 96]",120 1131 2647 2371 737
111,"[64, 77, 55, 73, 8]",120 1138 2666 2388 742
112,"[72, 8, 57, 86, 47]",120 1140 2672 2394 744
113,"[32, 29, 86, 43, 75]",120 1110 2582 2304 714
114,"[15, 70, 55, 43, 17]",120 1127 2635 2359 733
115,"[94, 28, 39, 31, 20]",120 1146 2695 2422 755
116,"[50, 94, 63, 83, 5]",120 1143 2681 2403 747
117,"[8, 79, 49, 37, 44]",120 1153 2713 2437 759
118,"[79, 36, 45, 99, 7]",120 1135 2657 2379 739
119,"[48, 30, 26, 82, 94]",120 1110 2582 2304 714
120,"[40, 78, 97, 19, 59]",120 1129 2640 2363 734
121,"[80, 17, 10, 64, 94]",120 1135 2659 2383 741
122,"[19, 14, 64, 71, 75]",120 1127 2635 2359 733
123,"[27, 80, 49, 86, 14]",120 1116 2600 2322 720
124,"[32, 94, 26, 19, 75]",120 1119 2610 2333 724
125,"[73, 45, 91, 99, 28]",120 1117 2603 2325 721
126,"[20, 86, 14, 32, 72]",120 1116 2601 2324 721
127,"[60, 54, 83, 64, 27]",120 1139 2671 2395 745
128,"[95, 62, 14, 74, 2]",120 1153 2715 2441 761
129,"[38, 79, 88, 58, 96]",120 1116 2600 2322 720
130,"[49, 83, 27, 92, 55]",120 1122 2618 2340 726
131,"[24, 32, 16, 65, 49]",120 1124 2624 2346 728
132,"[20, 25, 46, 13, 28]",120 1141 2677 2401 747
133,"[10, 61, 79, 16, 74]",120 1125 2629 2353 731
134,"[69, 78, 29, 70, 97]",120 1143 2681 2403 747
135,"[53, 36, 93, 91, 98]",120 1132 2650 2374 738
136,"[8, 36, 92, 17, 38]",120 1158 2732 2460 768
137,"[44, 41, 7, 87, 60]",120 1143 2681 2403 747
138,"[94, 84, 81, 42, 44]",120 1136 2663 2388 743
139,"[64, 53, 75, 2, 66]",120 1153 2713 2437 759
140,"[77, 47, 99, 54, 67]",120 1116 2600 2322 720
141,"[93, 5, 23, 65, 99]",120 1130 2642 2364 734
142,"[79, 52, 51, 87, 32]",120 1122 2618 2340 726
143,"[1, 27, 12, 68, 62]",120 1138 2668 2392 744
144,"[91, 81, 58, 36, 23]",120 1120 2612 2334 724
145,"[74, 88, 58, 65, 12]",120 1143 2681 2403 747
146,"[52, 71, 37, 5, 83]",120 1140 2672 2394 744
147,"[8, 62, 64, 12, 20]",120 1119 2611 2335 725
148,"[21, 42, 90, 31, 59]",120 1135 2659 2383 741
149,"[76, 86, 64, 61, 50]",120 1116 2600 2322 720
150,"[3, 76, 66, 81, 15]",120 1137 2665 2389 743
151,"[76, 58, 30, 100, 82]",120 1139 2671 2395 745
152,"[21, 53, 26, 44, 39]",120 1125 2629 2353 731
153,"[66, 82, 10, 94, 48]",120 1138 2666 2388 742
154,"[99, 100, 12, 64, 78]",120 1122 2618 2340 726
155,"[97, 82, 44, 90, 34]",120 1125 2629 2353 731
156,"[25, 60, 77, 10, 66]",120 1144 2688 2414 752
157,"[91, 57, 56, 17, 51]",120 1158 2730 2456 766
158,"[50, 99, 66, 75, 37]",120 1131 2647 2371 737
159,"[62, 79, 89, 83, 50]",120 1116 2600 2322 720
160,"[35, 76, 30, 66, 72]",120 1118 2606 2328 722
161,"[48, 66, 90, 19, 31]",120 1130 2644 2368 736
162,"[90, 74, 14, 85, 40]",120 1123 2621 2343 727
163,"[29, 8, 9, 20, 10]",120 1118 2606 2328 722
164,"[68, 24, 56, 83, 45]",120 1126 2630 2352 730
165,"[66, 63, 52, 16, 7]",120 1127 2635 2359 733
166,"[39, 66, 83, 68, 28]",120 1140 2676 2402 748
167,"[30, 68, 52, 92, 89]",120 1116 2600 2322 720
168,"[66, 1, 29, 28, 95]",120 1144 2682 2401 745
169,"[6, 22, 14, 68, 61]",120 1122 2620 2344 728
170,"[79, 10, 44, 65, 98]",120 1146 2692 2416 752
171,"[32, 54, 7, 13, 17]",120 1136 2665 2392 745
172,"[17, 16, 74, 25, 19]",120 1132 2652 2378 740
173,"[86, 79, 25, 42, 92]",120 1127 2635 2359 733
174,"[28, 42, 21, 33, 83]",120 1139 2671 2395 745
175,"[52, 17, 48, 33, 18]",120 1110 2582 2304 714
176,"[67, 78, 53, 64, 81]",120 1116 2600 2322 720
177,"[57, 18, 31, 42, 92]",120 1140 2674 2398 746
178,"[78, 62, 12, 85, 61]",120 1135 2657 2379 739
179,"[14, 30, 23, 48, 16]",120 1127 2635 2359 733
180,"[98, 18, 63, 17, 5]",120 1135 2661 2387 743
181,"[86, 20, 8, 72, 26]",120 1127 2635 2359 733
182,"[98, 10, 92, 76, 44]",120 1130 2642 2364 734
183,"[32, 89, 76, 27, 66]",120 1125 2629 2353 731
184,"[85, 80, 47, 94, 34]",120 1130 2644 2368 736
185,"[79, 63, 78, 93, 51]",120 1139 2673 2399 747
186,"[61, 69, 28, 13, 10]",120 1116 2602 2326 722
187,"[100, 53, 42, 4, 76]",120 1143 2681 2403 747
188,"[46, 69, 57, 4, 12]",120 1147 2697 2423 755
189,"[35, 58, 55, 64, 44]",120 1117 2604 2327 722
190,"[35, 81, 73, 80, 98]",120 1148 2700 2426 756
191,"[19, 4, 29, 67, 41]",120 1149 2701 2425 755
192,"[66, 90, 30, 29, 70]",120 1140 2676 2402 748
193,"[70, 55, 53, 74, 48]",120 1116 2600 2322 720
194,"[52, 1, 23, 87, 100]",120 1140 2672 2394 744
195,"[34, 56, 78, 40, 96]",120 1110 2582 2304 714
196,"[85, 48, 12, 86, 31]",120 1119 2609 2331 723
197,"[33, 46, 91, 69, 36]",120 1110 2582 2304 714
198,"[49, 44, 80, 93, 17]",120 1129 2639 2361 733
199,"[44, 26, 31, 100, 46]",120 1149 2703 2429 757
200,"[87, 43, 39, 29, 15]",120 1154 2718 2444 762
201,"[21, 88, 5, 4, 48]",120 1146 2695 2422 755
202,"[58, 97, 71, 91, 3]",120 1143 2681 2403 747
203,"[35, 32, 69, 54, 17]",120 1130 2642 2364 734
204,"[28, 54, 61, 96, 94]",120 1122 2618 2340 726
205,"[7, 48, 64, 40, 54]",120 1143 2681 2403 747
206,"[69, 36, 45, 93, 62]",120 1127 2635 2359 733
207,"[78, 56, 64, 1, 45]",120 1143 2681 2403 747
208,"[3, 68, 17, 5, 41]",120 1149 2703 2429 757
209,"[47, 5, 67, 31, 30]",120 1143 2681 2403 747
210,"[57, 46, 15, 10, 32]",120 1129 2641 2365 735
211,"[13, 65, 58, 100, 55]",120 1144 2684 2406 748
212,"[58, 63, 52, 27, 20]",120 1125 2629 2353 731
213,"[22, 25, 14, 56, 54]",120 1122 2618 2340 726
214,"[5, 9, 60, 11, 22]",120 1151 2712 2441 762
215,"[79, 67, 88, 98, 3]",120 1143 2681 2403 747
216,"[94, 30, 8, 52, 60]",120 1157 2727 2453 765
217,"[12, 84, 21, 96, 73]",120 1140 2676 2402 748
218,"[93, 81, 15, 39, 51]",120 1128 2636 2358 732
219,"[32, 10, 74, 31, 51]",120 1137 2663 2385 741
220,"[15, 67, 26, 85, 72]",120 1140 2676 2402 748
221,"[95, 55, 84, 89, 79]",120 1116 2600 2322 720
222,"[90, 86, 88, 68, 1]",120 1143 2681 2403 747
223,"[33, 10, 85, 1, 12]",120 1159 2737 2467 771
224,"[21, 76, 78, 34, 50]",120 1116 2600 2322 720
225,"[85, 78, 28, 47, 82]",120 1116 2600 2322 720
226,"[18, 79, 99, 54, 72]",120 1145 2689 2413 751
227,"[54, 6, 42, 60, 11]",120 1132 2650 2374 738
228,"[16, 29, 90, 34, 21]",120 1148 2700 2426 756
229,"[88, 72, 80, 8, 91]",120 1138 2666 2388 742
230,"[27, 6, 82, 22, 28]",120 1168 2766 2498 782
231,"[71, 75, 86, 37, 38]",120 1135 2659 2383 741
232,"[39, 30, 51, 35, 48]",120 1110 2582 2304 714
233,"[73, 28, 21, 83, 17]",120 1116 2602 2326 722
234,"[86, 89, 66, 8, 60]",120 1132 2648 2370 736
235,"[18, 21, 67, 90, 5]",120 1135 2661 2387 743
236,"[49, 32, 5, 82, 48]",120 1158 2730 2456 766
237,"[92, 15, 88, 48, 62]",120 1122 2618 2340 726
238,"[3, 15, 100, 34, 88]",120 1133 2653 2377 739
239,"[74, 78, 17, 26, 31]",120 1122 2618 2340 726
240,"[50, 3, 87, 80, 82]",120 1148 2698 2422 754
241,"[53, 13, 57, 97, 71]",120 1143 2681 2403 747
242,"[57, 39, 61, 91, 3]",120 1162 2742 2468 770
243,"[54, 59, 98, 33, 69]",120 1133 2651 2373 737
244,"[33, 45, 38, 69, 99]",120 1114 2594 2316 718
245,"[88, 17, 43, 21, 80]",120 1112 2588 2310 716
246,"[43, 21, 98, 58, 53]",120 1146 2692 2416 752
247,"[12, 21, 73, 25, 69]",120 1122 2620 2344 728
248,"[30, 84, 89, 66, 25]",120 1110 2582 2304 714
249,"[62, 93, 87, 100, 50]",120 1116 2600 2322 720
250,"[92, 100, 90, 89, 70]",120 1129 2639 2361 733
251,"[59, 92, 73, 84, 42]",120 1110 2582 2304 714
252,"[17, 25, 40, 32, 28]",120 1123 2621 2343 727
253,"[76, 45, 42, 4, 51]",120 1144 2684 2406 748
254,"[93, 92, 96, 30, 35]",120 1140 2676 2402 748
255,"[73, 53, 97, 38, 69]",120 1134 2656 2380 740
256,"[42, 12, 62, 23, 34]",120 1142 2680 2404 748
257,"[76, 80, 46, 59, 7]",120 1133 2651 2373 737
258,"[66, 91, 31, 33, 9]",120 1133 2651 2373 737
259,"[60, 85, 19, 26, 63]",120 1140 2676 2402 748
260,"[42, 51, 19, 79, 61]",120 1137 2664 2387 742
261,"[20, 57, 50, 82, 14]",120 1142 2682 2408 750
262,"[67, 97, 12, 75, 37]",120 1145 2689 2413 751
263,"[11, 93, 13, 66, 75]",120 1140 2676 2402 748
264,"[62, 25, 100, 13, 64]",120 1149 2703 2429 757
265,"[38, 36, 93, 6, 8]",120 1155 2723 2451 765
266,"[11, 87, 59, 9, 63]",120 1140 2676 2402 748
267,"[25, 100, 58, 32, 65]",120 1140 2676 2402 748
268,"[93, 49, 23, 81, 60]",120 1127 2633 2355 731
269,"[70, 81, 59, 77, 54]",120 1110 2582 2304 714
270,"[69, 66, 71, 45, 87]",120 1135 2658 2381 740
271,"[14, 4, 58, 1, 94]",120 1155 2725 2455 767
272,"[72, 60, 35, 92, 12]",120 1143 2683 2407 749
273,"[24, 72, 96, 100, 21]",120 1110 2582 2304 714
274,"[100, 43, 63, 38, 75]",120 1125 2629 2353 731
275,"[41, 23, 75, 98, 39]",120 1124 2624 2346 728
276,"[62, 17, 75, 30, 3]",120 1138 2667 2390 743
277,"[88, 30, 96, 62, 20]",120 1117 2603 2325 721
278,"[100, 95, 10, 96, 92]",120 1144 2684 2406 748
279,"[4, 88, 32, 75, 34]",120 1135 2657 2379 739
280,"[19, 31, 14, 90, 88]",120 1116 2602 2326 722
281,"[68, 22, 63, 84, 32]",120 1139 2673 2399 747
282,"[35, 74, 96, 38, 57]",120 1122 2618 2340 726
283,"[1, 52, 11, 61, 95]",120 1158 2731 2458 767
284,"[87, 6, 15, 59, 72]",120 1144 2688 2414 752
285,"[50, 18, 87, 100, 41]",120 1127 2633 2355 731
286,"[1, 37, 44, 64, 88]",120 1143 2681 2403 747
287,"[72, 39, 79, 69, 55]",120 1119 2610 2333 724
288,"[89, 26, 75, 53, 66]",120 1135 2658 2381 740
289,"[89, 22, 68, 26, 46]",120 1125 2629 2353 731
290,"[37, 28, 60, 73, 74]",120 1110 2582 2304 714
291,"[60, 64, 55, 3, 70]",120 1143 2681 2403 747
292,"[41, 62, 72, 99, 15]",120 1144 2686 2410 750
293,"[15, 26, 55, 54, 57]",120 1137 2666 2391 744
294,"[31, 99, 4, 24, 45]",120 1162 2744 2472 772
295,"[100, 64, 25, 34, 91]",120 1110 2582 2304 714
296,"[96, 22, 52, 27, 30]",120 1128 2638 2362 734
297,"[19, 66, 53, 83, 24]",120 1127 2635 2359 733
298,"[60, 63, 97, 86, 91]",120 1110 2582 2304 714
299,"[54, 25, 63, 55, 62]",120 1122 2618 2340 726
300,"[48, 30, 28, 72, 49]",120 1140 2676 2402 748
301,"[23, 95, 47, 5, 45]",120 1158 2730 2456 766
302,"[60, 4, 88, 41, 77]",120 1140 2672 2394 744
303,"[9, 97, 67, 10, 16]",120 1124 2626 2350 730
304,"[1, 25, 8, 59, 82]",120 1154 2718 2444 762
305,"[93, 13, 12, 65, 26]",120 1133 2655 2381 741
306,"[65, 15, 23, 12, 62]",120 1116 2602 2326 722
307,"[31, 2, 43, 68, 99]",120 1145 2688 2411 750
308,"[10, 68, 83, 61, 37]",120 1144 2686 2410 750
309,"[13, 35, 72, 22, 34]",120 1149 2703 2429 757
310,"[87, 13, 26, 74, 3]",120 1133 2653 2377 739
311,"[24, 73, 33, 84, 39]",120 1119 2609 2331 723
312,"[10, 90, 6, 15, 92]",120 1127 2634 2357 732
313,"[31, 85, 33, 58, 82]",120 1110 2582 2304 714
314,"[40, 27, 90, 36, 84]",120 1122 2618 2340 726
315,"[90, 70, 69, 13, 57]",120 1158 2730 2456 766
316,"[74, 24, 51, 83, 38]",120 1116 2600 2322 720
317,"[78, 94, 86, 93, 17]",120 1124 2624 2346 728
318,"[10, 56, 4, 89, 96]",120 1139 2673 2399 747
319,"[89, 21, 88, 61, 51]",120 1122 2618 2340 726
320,"[79, 1, 28, 37, 56]",120 1143 2681 2403 747
321,"[60, 62, 74, 43, 76]",120 1122 2618 2340 726
322,"[9, 37, 92, 15, 62]",120 1136 2663 2388 743
323,"[81, 22, 84, 87, 51]",120 1122 2619 2342 727
324,"[1, 12, 88, 79, 89]",120 1137 2665 2389 743
325,"[28, 84, 5, 3, 92]",120 1137 2667 2393 745
326,"[51, 94, 47, 6, 68]",120 1143 2681 2403 747
327,"[92, 14, 82, 26, 32]",120 1122 2619 2342 727
328,"[35, 79, 63, 90, 28]",120 1116 2600 2322 720
329,"[29, 79, 43, 53, 83]",120 1116 2600 2322 720
330,"[26, 96, 31, 52, 50]",120 1142 2682 2408 750
331,"[97, 26, 88, 94, 35]",120 1125 2629 2353 731
332,"[54, 12, 37, 34, 90]",120 1140 2672 2394 744
333,"[69, 52, 63, 28, 48]",120 1121 2615 2337 725
334,"[81, 61, 3, 31, 68]",120 1149 2701 2425 755
335,"[43, 4, 59, 61, 19]",120 1125 2627 2349 729
336,"[73, 69, 46, 52, 55]",120 1115 2597 2319 719
337,"[44, 52, 6, 88, 40]",120 1145 2688 2411 750
338,"[79, 74, 82, 44, 53]",120 1110 2582 2304 714
339,"[79, 3, 2, 74, 25]",120 1137 2667 2393 745
340,"[72, 99, 84, 38, 56]",120 1120 2612 2334 724
341,"[3, 99, 14, 68, 97]",120 1125 2627 2349 729
342,"[25, 80, 82, 62, 9]",120 1121 2615 2337 725
343,"[22, 50, 15, 4, 62]",120 1133 2652 2375 738
344,"[5, 54, 96, 43, 7]",120 1150 2708 2436 760
345,"[97, 49, 29, 64, 2]",120 1153 2713 2437 759
346,"[51, 42, 54, 91, 67]",120 1118 2606 2328 722
347,"[65, 21, 71, 98, 8]",120 1149 2703 2429 757
348,"[35, 42, 2, 4, 40]",120 1140 2676 2402 748
349,"[69, 87, 64, 54, 22]",120 1147 2695 2419 753
350,"[2, 25, 47, 74, 3]",120 1154 2721 2450 765
351,"[17, 41, 65, 31, 87]",120 1127 2633 2355 731
352,"[52, 3, 75, 22, 70]",120 1137 2663 2385 741
353,"[31, 28, 78, 86, 56]",120 1110 2582 2304 714
354,"[70, 8, 28, 62, 1]",120 1150 2706 2432 758
355,"[77, 100, 76, 24, 15]",120 1140 2676 2402 748
356,"[71, 84, 52, 58, 73]",120 1127 2635 2359 733
357,"[10, 45, 56, 32, 19]",120 1131 2646 2368 735
358,"[4, 42, 15, 50, 70]",120 1153 2715 2441 761
359,"[31, 8, 85, 81, 34]",120 1122 2618 2340 726
360,"[7, 45, 29, 70, 50]",120 1148 2698 2422 754
361,"[53, 56, 59, 75, 89]",120 1112 2588 2310 716
362,"[36, 26, 93, 14, 71]",120 1127 2633 2355 731
363,"[89, 32, 63, 18, 3]",120 1149 2702 2427 756
364,"[23, 68, 44, 85, 41]",120 1127 2633 2355 731
365,"[77, 35, 26, 55, 78]",120 1110 2582 2304 714
366,"[96, 100, 97, 88, 67]",120 1117 2604 2327 722
367,"[93, 44, 22, 48, 59]",120 1140 2672 2394 744
368,"[15, 68, 85, 89, 100]",120 1148 2698 2422 754
369,"[97, 88, 52, 24, 68]",120 1124 2624 2346 728
370,"[2, 78, 20, 97, 29]",120 1138 2668 2392 744
371,"[42, 32, 34, 2, 62]",120 1143 2681 2403 747
372,"[86, 78, 52, 4, 69]",120 1143 2681 2403 747
373,"[75, 45, 63, 71, 62]",120 1122 2618 2340 726
374,"[56, 27, 80, 65, 52]",120 1134 2654 2376 738
375,"[10, 65, 24, 49, 46]",120 1149 2703 2429 757
376,"[50, 62, 29, 19, 96]",120 1136 2662 2386 742
377,"[65, 50, 90, 44, 4]",120 1143 2681 2403 747
378,"[57, 93, 47, 28, 34]",120 1131 2647 2371 737
379,"[71, 29, 73, 40, 92]",120 1140 2676 2402 748
380,"[12, 80, 25, 78, 75]",120 1130 2644 2368 736
381,"[88, 61, 79, 24, 44]",120 1122 2618 2340 726
382,"[8, 47, 53, 22, 100]",120 1150 2702 2423 753
383,"[9, 4, 89, 34, 92]",120 1125 2629 2353 731
384,"[33, 56, 99, 28, 80]",120 1118 2606 2328 722
385,"[55, 90, 100, 29, 99]",120 1110 2582 2304 714
386,"[84, 38, 97, 92, 94]",120 1125 2627 2349 729
387,"[16, 2, 57, 56, 65]",120 1149 2703 2429 757
388,"[96, 73, 21, 23, 61]",120 1135 2659 2383 741
389,"[3, 5, 26, 88, 75]",120 1137 2667 2393 745
390,"[48, 59, 74, 63, 12]",120 1147 2695 2419 753
391,"[82, 17, 56, 54, 39]",120 1153 2715 2441 761
392,"[17, 52, 40, 97, 42]",120 1145 2689 2413 751
393,"[68, 47, 48, 31, 74]",120 1122 2618 2340 726
394,"[10, 77, 29, 79, 91]",120 1142 2682 2408 750
395,"[44, 88, 12, 81, 21]",120 1116 2600 2322 720
396,"[28, 35, 62, 5, 3]",120 1155 2723 2451 765
397,"[21, 35, 43, 82, 38]",120 1147 2695 2419 753
398,"[100, 52, 76, 39, 25]",120 1124 2624 2346 728
399,"[59, 63, 83, 100, 49]",120 1118 2606 2328 722
400,"[29, 43, 34, 65, 76]",120 1112 2588 2310 716
401,"[12, 92, 65, 5, 2]",120 1148 2702 2430 758
402,"[49, 40, 54, 2, 47]",120 1144 2684 2406 748
403,"[27, 33, 15, 38, 85]",120 1151 2710 2437 760
404,"[22, 51, 30, 63, 13]",120 1125 2627 2349 729
405,"[77, 1, 93, 41, 47]",120 1143 2681 2403 747
406,"[100, 69, 65, 84, 8]",120 1143 2681 2403 747
407,"[78, 63, 82, 96, 72]",120 1116 2600 2322 720
408,"[88, 91, 51, 25, 97]",120 1130 2644 2368 736
409,"[49, 72, 30, 58, 41]",120 1120 2612 2334 724
410,"[12, 42, 72, 64, 93]",120 1146 2692 2416 752
411,"[32, 86, 64, 36, 11]",120 1133 2651 2373 737
412,"[84, 75, 7, 5, 16]",120 1125 2629 2353 731
413,"[13, 3, 97, 64, 40]",120 1145 2690 2415 752
414,"[89, 87, 10, 27, 29]",120 1122 2620 2344 728
415,"[16, 47, 86, 97, 34]",120 1123 2621 2343 727
416,"[4, 10, 73, 76, 52]",120 1131 2647 2371 737
417,"[53, 10, 44, 71, 82]",120 1138 2666 2388 742
418,"[24, 44, 89, 27, 58]",120 1125 2629 2353 731
419,"[100, 90, 89, 7, 19]",120 1140 2676 2402 748
420,"[9, 15, 33, 8, 65]",120 1132 2652 2378 740
421,"[17, 77, 6, 79, 21]",120 1122 2620 2344 728
422,"[35, 5, 23, 71, 39]",120 1160 2736 2462 768
423,"[91, 84, 83, 57, 76]",120 1125 2629 2353 731
424,"[46, 64, 23, 90, 27]",120 1125 2629 2353 731
425,"[24, 39, 47, 18, 42]",120 1127 2635 2359 733
426,"[30, 59, 49, 31, 100]",120 1129 2641 2365 735
427,"[64, 53, 71, 43, 6]",120 1140 2672 2394 744
428,"[61, 35, 65, 19, 80]",120 1141 2679 2405 749
429,"[40, 67, 22, 37, 89]",120 1127 2631 2351 729
430,"[29, 24, 100, 10, 60]",120 1135 2660 2385 742
431,"[83, 13, 81, 11, 46]",120 1110 2584 2308 716
432,"[37, 99, 30, 84, 70]",120 1125 2629 2353 731
433,"[59, 100, 34, 66, 77]",120 1133 2651 2373 737
434,"[83, 95, 55, 19, 75]",120 1136 2662 2386 742
435,"[6, 34, 65, 87, 17]",120 1141 2678 2403 748
436,"[1, 34, 9, 10, 59]",120 1150 2708 2436 760
437,"[90, 43, 49, 13, 64]",120 1140 2672 2394 744
438,"[84, 18, 47, 54, 58]",120 1151 2707 2431 757
439,"[57, 84, 98, 6, 85]",120 1158 2730 2456 766
440,"[32, 42, 48, 75, 47]",120 1148 2700 2426 756
441,"[27, 22, 38, 1, 85]",120 1160 2738 2466 770
442,"[99, 53, 95, 59, 81]",120 1110 2582 2304 714
443,"[28, 13, 58, 26, 100]",120 1135 2660 2385 742
444,"[65, 95, 98, 10, 19]",120 1117 2603 2325 721
445,"[51, 7, 97, 90, 25]",120 1125 2627 2349 729
446,"[79, 34, 88, 92, 89]",120 1124 2625 2348 729
447,"[43, 47, 33, 26, 88]",120 1145 2689 2413 751
448,"[45, 18, 64, 13, 39]",120 1142 2682 2408 750
449,"[22, 29, 91, 49, 54]",120 1146 2694 2420 754
450,"[80, 56, 25, 40, 100]",120 1122 2618 2340 726
451,"[7, 27, 38, 16, 41]",120 1121 2615 2337 725
452,"[43, 81, 27, 66, 87]",120 1114 2594 2316 718
453,"[27, 44, 69, 37, 43]",120 1148 2700 2426 756
454,"[96, 10, 46, 65, 90]",120 1128 2636 2358 732
455,"[6, 39, 61, 64, 80]",120 1160 2736 2462 768
456,"[87, 61, 50, 49, 96]",120 1110 2582 2304 714
457,"[100, 79, 88, 85, 1]",120 1144 2684 2406 748
458,"[13, 54, 29, 4, 85]",120 1146 2693 2418 753
459,"[43, 55, 56, 85, 15]",120 1158 2730 2456 766
460,"[69, 91, 15, 52, 83]",120 1131 2645 2367 735
461,"[6, 18, 59, 47, 57]",120 1122 2618 2340 726
462,"[83, 23, 51, 19, 61]",120 1135 2659 2383 741
463,"[91, 82, 40, 72, 17]",120 1134 2656 2380 740
464,"[33, 58, 88, 86, 94]",120 1130 2644 2368 736
465,"[41, 9, 51, 11, 47]",120 1130 2644 2368 736
466,"[69, 31, 53, 3, 9]",120 1145 2691 2417 753
467,"[8, 75, 78, 72, 12]",120 1140 2676 2402 748
468,"[41, 44, 68, 2, 11]",120 1153 2715 2441 761
469,"[69, 53, 59, 31, 1]",120 1153 2713 2437 759
470,"[73, 68, 37, 59, 41]",120 1110 2582 2304 714
471,"[23, 54, 19, 27, 44]",120 1116 2600 2322 720
472,"[2, 19, 22, 35, 36]",120 1129 2639 2361 733
473,"[58, 16, 42, 69, 18]",120 1125 2629 2353 731
474,"[39, 34, 53, 48, 43]",120 1110 2582 2304 714
475,"[16, 59, 3, 43, 47]",120 1152 2712 2438 760
476,"[60, 17, 66, 29, 32]",120 1122 2618 2340 726
477,"[81, 48, 45, 54, 31]",120 1134 2655 2378 739
478,"[85, 78, 8, 34, 42]",120 1129 2639 2361 733
479,"[43, 77, 38, 20, 47]",120 1147 2695 2419 753
480,"[100, 97, 51, 65, 12]",120 1122 2618 2340 726
481,"[96, 77, 44, 93, 11]",120 1124 2624 2346 728
482,"[23, 44, 92, 59, 2]",120 1153 2713 2437 759
483,"[61, 91, 83, 82, 67]",120 1132 2650 2374 738
484,"[9, 43, 13, 19, 100]",120 1146 2697 2426 757
485,"[97, 3, 73, 6, 96]",120 1122 2620 2344 728
486,"[26, 48, 40, 28, 16]",120 1122 2618 2340 726
487,"[74, 95, 57, 11, 70]",120 1151 2707 2431 757
488,"[18, 67, 7, 59, 24]",120 1124 2625 2348 729
489,"[19, 31, 71, 84, 46]",120 1122 2618 2340 726
490,"[67, 56, 61, 32, 34]",120 1123 2622 2345 728
491,"[85, 2, 45, 67, 57]",120 1143 2681 2403 747
492,"[38, 52, 58, 82, 65]",120 1121 2616 2339 726
493,"[42, 9, 5, 100, 68]",120 1150 2708 2436 760
494,"[78, 50, 9, 45, 46]",120 1144 2684 2406 748
495,"[14, 58, 91, 4, 25]",120 1150 2708 2436 760
496,"[52, 70, 63, 91, 60]",120 1116 2600 2322 720
497,"[83, 46, 10, 27, 45]",120 1153 2715 2441 761
498,"[90, 17, 13, 15, 38]",120 1128 2640 2366 736
499,"[41, 57, 80, 33, 59]",120 1140 2676 2402 748
500,"[76, 9, 93, 16, 86]",120 1140 2676 2402 748
501,"[22, 7, 77, 72, 54]",120 1122 2618 2340 726
502,"[25, 10, 11, 55, 33]",120 1135 2659 2383 741
503,"[65, 51, 36, 98, 1]",120 1153 2713 2437 759
504,"[44, 86, 95, 89, 25]",120 1134 2657 2382 741
505,"[48, 79, 30, 33, 15]",120 1135 2657 2379 739
506,"[29, 91, 80, 33, 11]",120 1122 2618 2340 726
507,"[22, 58, 95, 92, 23]",120 1110 2582 2304 714
508,"[2, 4, 96, 81, 1]",120 1132 2652 2378 740
509,"[28, 92, 96, 7, 95]",120 1130 2644 2368 736
510,"[96, 46, 58, 2, 86]",120 1143 2681 2403 747
511,"[63, 18, 78, 77, 16]",120 1110 2582 2304 714
512,"[90, 37, 57, 39, 97]",120 1110 2582 2304 714
513,"[86, 91, 77, 22, 80]",120 1138 2666 2388 742
514,"[93, 38, 97, 13, 22]",120 1119 2611 2335 725
515,"[1, 35, 52, 16, 51]",120 1130 2642 2364 734
516,"[7, 28, 15, 14, 25]",120 1122 2618 2340 726
517,"[96, 83, 5, 82, 40]",120 1153 2715 2441 761
518,"[83, 97, 48, 23, 20]",120 1112 2588 2310 716
519,"[20, 14, 87, 3, 26]",120 1165 2756 2487 778
520,"[61, 54, 44, 49, 38]",120 1110 2582 2304 714
521,"[56, 43, 28, 79, 39]",120 1128 2636 2358 732
522,"[33, 76, 47, 92, 82]",120 1127 2635 2359 733
523,"[9, 13, 88, 79, 57]",120 1125 2629 2353 731
524,"[53, 68, 98, 63, 75]",120 1120 2612 2334 724
525,"[46, 7, 69, 16, 79]",120 1133 2653 2377 739
526,"[7, 100, 2, 56, 17]",120 1158 2734 2464 770
527,"[86, 58, 80, 40, 46]",120 1110 2582 2304 714
528,"[4, 22, 74, 65, 20]",120 1132 2650 2374 738
529,"[6, 82, 29, 22, 27]",120 1170 2772 2504 784
530,"[72, 13, 5, 71, 38]",120 1119 2611 2335 725
531,"[43, 53, 24, 100, 20]",120 1139 2671 2395 745
532,"[26, 83, 44, 82, 10]",120 1119 2609 2331 723
533,"[69, 70, 39, 67, 100]",120 1149 2701 2425 755
534,"[55, 4, 57, 9, 94]",120 1149 2705 2433 759
535,"[79, 80, 42, 38, 96]",120 1140 2676 2402 748
536,"[58, 78, 82, 10, 31]",120 1124 2624 2346 728
537,"[85, 97, 60, 62, 82]",120 1125 2629 2353 731
538,"[57, 9, 2, 8, 93]",120 1139 2675 2403 749
539,"[44, 25, 52, 48, 71]",120 1139 2670 2393 744
540,"[41, 35, 63, 48, 30]",120 1118 2606 2328 722
541,"[26, 83, 93, 13, 48]",120 1124 2624 2346 728
542,"[62, 76, 45, 72, 100]",120 1136 2662 2386 742
543,"[75, 42, 18, 54, 91]",120 1132 2648 2370 736
544,"[19, 55, 15, 95, 52]",120 1140 2676 2402 748
545,"[78, 91, 40, 66, 59]",120 1123 2621 2343 727
546,"[81, 89, 20, 49, 23]",120 1110 2582 2304 714
547,"[50, 68, 16, 84, 33]",120 1125 2628 2351 730
548,"[29, 7, 84, 47, 92]",120 1128 2636 2358 732
549,"[73, 80, 97, 89, 92]",120 1110 2582 2304 714
550,"[27, 48, 51, 32, 20]",120 1116 2600 2322 720
551,"[88, 52, 1, 92, 29]",120 1138 2666 2388 742
552,"[32, 58, 10, 68, 11]",120 1128 2640 2366 736
553,"[38, 96, 34, 58, 3]",120 1142 2676 2395 743
554,"[83, 80, 52, 76, 12]",120 1126 2630 2352 730
555,"[17, 28, 8, 37, 20]",120 1133 2651 2373 737
556,"[78, 21, 76, 31, 91]",120 1140 2676 2402 748
557,"[54, 82, 76, 65, 12]",120 1138 2666 2388 742
558,"[62, 32, 33, 2, 7]",120 1153 2717 2445 763
559,"[19, 60, 57, 70, 15]",120 1140 2676 2402 748
560,"[43, 97, 68, 48, 87]",120 1110 2582 2304 714
561,"[87, 72, 54, 9, 79]",120 1137 2663 2385 741
562,"[82, 36, 63, 68, 40]",120 1127 2635 2359 733
563,"[18, 23, 63, 92, 89]",120 1110 2582 2304 714
564,"[86, 72, 42, 19, 99]",120 1135 2659 2383 741
565,"[5, 50, 3, 33, 84]",120 1155 2724 2453 766
566,"[69, 21, 19, 88, 70]",120 1140 2676 2402 748
567,"[32, 99, 87, 51, 73]",120 1120 2612 2334 724
568,"[31, 93, 42, 39, 12]",120 1164 2751 2480 775
569,"[84, 97, 22, 54, 55]",120 1132 2648 2370 736
570,"[90, 56, 100, 44, 38]",120 1112 2588 2310 716
571,"[26, 15, 38, 52, 95]",120 1143 2683 2407 749
572,"[68, 31, 17, 16, 87]",120 1113 2593 2317 719
573,"[80, 53, 89, 48, 78]",120 1132 2650 2374 738
574,"[85, 40, 1, 67, 92]",120 1143 2681 2403 747
575,"[38, 100, 74, 66, 63]",120 1134 2654 2376 738
576,"[45, 93, 9, 56, 98]",120 1127 2633 2355 731
577,"[6, 40, 22, 54, 86]",120 1149 2701 2425 755
578,"[4, 82, 33, 18, 58]",120 1147 2696 2421 754
579,"[79, 96, 47, 38, 12]",120 1133 2651 2373 737
580,"[14, 46, 44, 19, 85]",120 1146 2694 2420 754
581,"[92, 40, 16, 80, 11]",120 1122 2620 2344 728
582,"[47, 70, 4, 86, 83]",120 1138 2666 2388 742
583,"[31, 63, 56, 11, 35]",120 1127 2633 2355 731
584,"[66, 3, 5, 36, 63]",120 1136 2664 2390 744
585,"[77, 24, 30, 6, 60]",120 1133 2651 2373 737
586,"[85, 38, 28, 97, 41]",120 1122 2618 2340 726
587,"[26, 84, 99, 7, 31]",120 1132 2650 2374 738
588,"[19, 6, 87, 96, 12]",120 1128 2638 2362 734
589,"[39, 34, 62, 30, 48]",120 1112 2588 2310 716
590,"[92, 66, 90, 94, 2]",120 1143 2681 2403 747
591,"[37, 32, 6, 76, 78]",120 1122 2618 2340 726
592,"[97, 14, 71, 11, 73]",120 1140 2676 2402 748
593,"[75, 34, 54, 40, 28]",120 1119 2609 2331 723
594,"[37, 26, 63, 76, 41]",120 1121 2615 2337 725
595,"[22, 62, 86, 25, 59]",120 1140 2676 2402 748
596,"[93, 10, 74, 7, 79]",120 1140 2676 2402 748
597,"[54, 10, 66, 68, 6]",120 1125 2629 2353 731
598,"[7, 1, 89, 57, 34]",120 1159 2735 2463 769
599,"[12, 75, 19, 70, 92]",120 1140 2676 2402 748
600,"[46, 44, 45, 10, 70]",120 1147 2695 2419 753
601,"[54, 2, 89, 52, 35]",120 1161 2739 2465 769
602,"[96, 21, 36, 49, 40]",120 1149 2702 2427 756
603,"[8, 52, 64, 13, 46]",120 1140 2676 2402 748
604,"[32, 79, 69, 7, 60]",120 1143 2683 2407 749
605,"[77, 55, 89, 37, 40]",120 1110 2582 2304 714
606,"[46, 85, 27, 83, 53]",120 1122 2618 2340 726
607,"[22, 19, 73, 76, 65]",120 1122 2618 2340 726
608,"[91, 6, 46, 72, 83]",120 1138 2666 2388 742
609,"[40, 60, 95, 86, 27]",120 1115 2597 2319 719
610,"[63, 74, 97, 61, 88]",120 1110 2582 2304 714
611,"[53, 86, 1, 34, 37]",120 1143 2681 2403 747
612,"[80, 45, 4, 83, 70]",120 1138 2666 2388 742
613,"[32, 18, 99, 44, 77]",120 1125 2627 2349 729
614,"[71, 10, 43, 29, 3]",120 1154 2719 2446 763
615,"[91, 72, 46, 54, 57]",120 1118 2606 2328 722
616,"[35, 55, 80, 71, 26]",120 1115 2597 2319 719
617,"[89, 10, 8, 97, 70]",120 1136 2662 2386 742
618,"[28, 74, 77, 49, 2]",120 1138 2666 2388 742
619,"[60, 7, 46, 65, 22]",120 1124 2624 2346 728
620,"[94, 5, 17, 2, 73]",120 1142 2682 2408 750
621,"[79, 38, 90, 75, 61]",120 1127 2635 2359 733
622,"[47, 90, 58, 84, 41]",120 1110 2582 2304 714
623,"[11, 96, 35, 58, 75]",120 1144 2686 2410 750
624,"[24, 91, 97, 45, 79]",120 1116 2600 2322 720
625,"[2, 75, 90, 30, 79]",120 1157 2727 2453 765
626,"[75, 31, 8, 68, 80]",120 1135 2659 2383 741
627,"[50, 48, 69, 29, 87]",120 1129 2639 2361 733
628,"[28, 20, 60, 64, 6]",120 1122 2618 2340 726
629,"[74, 13, 94, 38, 99]",120 1122 2618 2340 726
630,"[79, 24, 9, 4, 61]",120 1140 2676 2402 748
631,"[64, 33, 86, 22, 71]",120 1132 2650 2374 738
632,"[56, 32, 16, 100, 65]",120 1147 2697 2423 755
633,"[16, 48, 37, 97, 7]",120 1154 2720 2448 764
634,"[53, 30, 19, 38, 6]",120 1146 2692 2416 752
635,"[69, 82, 25, 47, 71]",120 1139 2673 2399 747
636,"[96, 32, 49, 38, 63]",120 1129 2641 2365 735
637,"[9, 77, 93, 45, 10]",120 1131 2649 2375 739
638,"[10, 58, 39, 88, 28]",120 1147 2695 2419 753
639,"[16, 88, 32, 92, 21]",120 1116 2602 2326 722
640,"[21, 87, 66, 14, 67]",120 1140 2676 2402 748
641,"[73, 27, 84, 46, 17]",120 1121 2615 2337 725
642,"[25, 100, 5, 14, 48]",120 1151 2712 2441 762
643,"[64, 33, 53, 99, 7]",120 1152 2710 2434 758
644,"[8, 90, 85, 98, 21]",120 1140 2676 2402 748
645,"[35, 11, 69, 90, 94]",120 1122 2618 2340 726
646,"[28, 32, 80, 8, 10]",120 1155 2723 2451 765
647,"[89, 40, 44, 39, 36]",120 1130 2643 2366 735
648,"[36, 6, 49, 75, 24]",120 1149 2701 2425 755
649,"[100, 82, 85, 73, 56]",120 1127 2635 2359 733
650,"[62, 24, 28, 40, 4]",120 1143 2681 2403 747
651,"[65, 24, 3, 32, 37]",120 1153 2713 2437 759
652,"[16, 2, 67, 71, 79]",120 1150 2706 2432 758
653,"[41, 83, 39, 96, 51]",120 1110 2582 2304 714
654,"[53, 62, 15, 26, 87]",120 1144 2688 2414 752
655,"[78, 88, 74, 8, 51]",120 1148 2698 2422 754
656,"[38, 17, 6, 27, 66]",120 1146 2692 2416 752
657,"[81, 44, 29, 2, 23]",120 1157 2729 2457 767
658,"[57, 50, 79, 22, 17]",120 1140 2676 2402 748
659,"[68, 54, 98, 31, 11]",120 1144 2686 2410 750
660,"[47, 48, 90, 86, 96]",120 1125 2629 2353 731
661,"[36, 69, 28, 5, 17]",120 1151 2709 2435 759
662,"[46, 14, 30, 97, 6]",120 1146 2695 2422 755
663,"[47, 49, 92, 22, 3]",120 1159 2733 2459 767
664,"[27, 29, 37, 80, 77]",120 1110 2582 2304 714
665,"[55, 23, 33, 82, 91]",120 1115 2597 2319 719
666,"[76, 19, 21, 56, 95]",120 1125 2629 2353 731
667,"[7, 73, 40, 48, 37]",120 1143 2681 2403 747
668,"[41, 32, 21, 60, 73]",120 1123 2621 2343 727
669,"[88, 81, 43, 27, 72]",120 1117 2604 2327 722
670,"[73, 3, 81, 84, 5]",120 1140 2676 2402 748
671,"[5, 32, 53, 84, 16]",120 1146 2693 2418 753
672,"[22, 79, 87, 58, 94]",120 1126 2630 2352 730
673,"[19, 77, 80, 14, 5]",120 1122 2620 2344 728
674,"[63, 29, 76, 32, 59]",120 1135 2659 2383 741
675,"[78, 72, 84, 35, 54]",120 1116 2600 2322 720
676,"[97, 66, 9, 81, 42]",120 1146 2692 2416 752
677,"[42, 54, 3, 39, 64]",120 1143 2681 2403 747
678,"[4, 26, 73, 21, 72]",120 1122 2620 2344 728
679,"[25, 52, 81, 82, 13]",120 1116 2600 2322 720
680,"[50, 38, 83, 33, 25]",120 1130 2643 2366 735
681,"[49, 80, 25, 58, 19]",120 1132 2650 2374 738
682,"[12, 97, 53, 27, 67]",120 1143 2683 2407 749
683,"[13, 22, 38, 23, 70]",120 1135 2659 2383 741
684,"[71, 62, 11, 89, 8]",120 1140 2676 2402 748
685,"[34, 40, 7, 47, 36]",120 1143 2681 2403 747
686,"[13, 62, 10, 15, 55]",120 1122 2620 2344 728
687,"[37, 71, 34, 90, 76]",120 1135 2659 2383 741
688,"[69, 17, 70, 9, 53]",120 1110 2582 2304 714
689,"[64, 55, 18, 33, 17]",120 1110 2582 2304 714
690,"[72, 97, 96, 95, 74]",120 1110 2582 2304 714
691,"[18, 22, 71, 93, 1]",120 1142 2678 2399 745
692,"[4, 11, 48, 57, 12]",120 1124 2626 2350 730
693,"[49, 94, 1, 52, 85]",120 1143 2681 2403 747
694,"[24, 83, 65, 35, 9]",120 1133 2651 2373 737
695,"[81, 43, 21, 95, 55]",120 1127 2633 2355 731
696,"[58, 23, 38, 96, 20]",120 1127 2632 2352 729
697,"[95, 3, 24, 46, 18]",120 1159 2736 2465 770
698,"[72, 51, 85, 69, 27]",120 1137 2665 2389 743
699,"[49, 41, 62, 47, 3]",120 1153 2713 2437 759
700,"[41, 57, 63, 98, 33]",120 1136 2662 2386 742
701,"[6, 23, 22, 26, 51]",120 1150 2707 2434 759
702,"[15, 79, 64, 29, 74]",120 1123 2622 2345 728
703,"[3, 32, 82, 24, 54]",120 1143 2681 2403 747
704,"[40, 45, 64, 95, 80]",120 1112 2588 2310 716
705,"[46, 28, 94, 49, 80]",120 1122 2618 2340 726
706,"[30, 67, 43, 24, 3]",120 1144 2685 2408 749
707,"[87, 70, 45, 42, 71]",120 1140 2676 2402 748
708,"[30, 83, 11, 67, 9]",120 1136 2664 2390 744
709,"[98, 7, 35, 56, 28]",120 1153 2713 2437 759
710,"[81, 80, 40, 99, 60]",120 1140 2676 2402 748
711,"[94, 81, 2, 87, 74]",120 1143 2681 2403 747
712,"[8, 98, 100, 68, 96]",120 1127 2634 2357 732
713,"[2, 5, 29, 1, 58]",120 1150 2710 2440 762
714,"[53, 1, 13, 58, 73]",120 1155 2721 2447 763
715,"[39, 4, 20, 31, 58]",120 1152 2710 2434 758
716,"[40, 76, 7, 50, 77]",120 1122 2618 2340 726
717,"[65, 72, 35, 52, 21]",120 1120 2612 2334 724
718,"[66, 96, 77, 17, 26]",120 1137 2666 2391 744
719,"[37, 13, 38, 36, 63]",120 1152 2710 2434 758
720,"[87, 34, 10, 41, 64]",120 1135 2657 2379 739
721,"[82, 4, 53, 27, 89]",120 1138 2666 2388 742
722,"[8, 88, 92, 56, 46]",120 1127 2633 2355 731
723,"[18, 62, 63, 66, 46]",120 1131 2647 2371 737
724,"[83, 87, 33, 65, 66]",120 1122 2618 2340 726
725,"[41, 15, 87, 79, 64]",120 1124 2624 2346 728
726,"[61, 45, 38, 20, 27]",120 1131 2647 2371 737
727,"[98, 100, 64, 3, 31]",120 1127 2633 2355 731
728,"[45, 86, 65, 64, 78]",120 1122 2618 2340 726
729,"[5, 62, 6, 20, 76]",120 1136 2664 2390 744
730,"[16, 70, 66, 11, 19]",120 1122 2620 2344 728
731,"[43, 77, 10, 87, 44]",120 1132 2648 2370 736
732,"[16, 48, 74, 50, 40]",120 1153 2715 2441 761
733,"[25, 64, 7, 29, 45]",120 1140 2672 2394 744
734,"[19, 57, 75, 34, 91]",120 1130 2644 2368 736
735,"[78, 32, 100, 65, 57]",120 1131 2645 2367 735
736,"[65, 40, 48, 17, 24]",120 1134 2656 2380 740
737,"[62, 29, 94, 57, 77]",120 1133 2651 2373 737
738,"[26, 46, 28, 41, 44]",120 1110 2582 2304 714
739,"[61, 17, 26, 33, 43]",120 1127 2634 2357 732
740,"[80, 41, 14, 86, 33]",120 1122 2618 2340 726
741,"[92, 90, 30, 41, 9]",120 1122 2618 2340 726
742,"[81, 94, 77, 91, 24]",120 1127 2633 2355 731
743,"[46, 72, 50, 34, 25]",120 1134 2656 2380 740
744,"[78, 67, 27, 58, 93]",120 1133 2651 2373 737
745,"[70, 56, 50, 47, 17]",120 1143 2681 2403 747
746,"[18, 11, 76, 95, 45]",120 1131 2648 2373 738
747,"[52, 10, 14, 29, 95]",120 1137 2666 2391 744
748,"[91, 36, 16, 61, 54]",120 1142 2680 2404 748
749,"[24, 66, 51, 38, 6]",120 1146 2692 2416 752
750,"[100, 66, 98, 28, 42]",120 1116 2600 2322 720
751,"[40, 37, 10, 76, 97]",120 1133 2651 2373 737
752,"[55, 57, 48, 94, 96]",120 1121 2615 2337 725
753,"[3, 47, 100, 50, 33]",120 1167 2761 2491 779
754,"[58, 14, 29, 9, 5]",120 1143 2687 2415 753
755,"[89, 78, 74, 71, 9]",120 1143 2681 2403 747
756,"[32, 55, 44, 78, 45]",120 1133 2651 2373 737
757,"[94, 70, 6, 76, 61]",120 1144 2684 2406 748
758,"[62, 34, 29, 48, 33]",120 1121 2615 2337 725
759,"[11, 27, 18, 83, 79]",120 1119 2611 2335 725
760,"[50, 65, 91, 28, 78]",120 1121 2615 2337 725
761,"[27, 97, 77, 6, 61]",120 1145 2689 2413 751
762,"[43, 73, 56, 30, 25]",120 1118 2606 2328 722
763,"[99, 75, 90, 59, 91]",120 1131 2648 2373 738
764,"[44, 41, 80, 25, 36]",120 1144 2686 2410 750
765,"[21, 68, 56, 4, 18]",120 1135 2658 2381 740
766,"[95, 90, 25, 13, 32]",120 1122 2620 2344 728
767,"[93, 99, 12, 6, 68]",120 1133 2653 2377 739
768,"[10, 67, 64, 80, 63]",120 1144 2684 2406 748
769,"[44, 10, 61, 81, 2]",120 1154 2719 2446 763
770,"[2, 75, 21, 23, 41]",120 1151 2709 2435 759
771,"[78, 25, 53, 95, 90]",120 1121 2615 2337 725
772,"[4, 16, 17, 73, 21]",120 1165 2755 2485 777
773,"[26, 55, 84, 85, 23]",120 1110 2582 2304 714
774,"[46, 86, 47, 60, 67]",120 1122 2618 2340 726
775,"[24, 58, 77, 51, 20]",120 1136 2663 2388 743
776,"[7, 92, 91, 12, 31]",120 1125 2629 2353 731
777,"[72, 66, 1, 52, 62]",120 1143 2681 2403 747
778,"[39, 4, 29, 83, 79]",120 1127 2631 2351 729
779,"[72, 62, 69, 79, 83]",120 1110 2582 2304 714
780,"[26, 49, 71, 59, 15]",120 1134 2656 2380 740
781,"[27, 66, 84, 21, 57]",120 1132 2650 2374 738
782,"[96, 18, 14, 86, 26]",120 1122 2620 2344 728
783,"[4, 66, 30, 13, 87]",120 1141 2679 2405 749
784,"[100, 59, 8, 89, 85]",120 1148 2698 2422 754
785,"[62, 53, 21, 92, 56]",120 1143 2681 2403 747
786,"[86, 34, 3, 90, 62]",120 1138 2666 2388 742
787,"[24, 13, 77, 4, 62]",120 1133 2653 2377 739
788,"[5, 19, 50, 92, 87]",120 1125 2627 2349 729
789,"[54, 19, 90, 22, 47]",120 1140 2676 2402 748
790,"[32, 46, 80, 74, 73]",120 1140 2676 2402 748
791,"[1, 95, 20, 83, 92]",120 1145 2689 2413 751
792,"[43, 49, 15, 18, 16]",120 1116 2600 2322 720
793,"[54, 31, 35, 95, 63]",120 1127 2635 2359 733
794,"[31, 56, 57, 9, 72]",120 1149 2703 2429 757
795,"[97, 61, 40, 75, 100]",120 1116 2600 2322 720
796,"[89, 76, 75, 10, 11]",120 1140 2676 2402 748
797,"[87, 42, 63, 83, 34]",120 1110 2582 2304 714
798,"[3, 55, 58, 47, 73]",120 1153 2713 2437 759
799,"[96, 29, 49, 9, 33]",120 1151 2711 2439 761
800,"[37, 87, 95, 53, 92]",120 1116 2600 2322 720
801,"[27, 30, 2, 75, 35]",120 1160 2738 2466 770
802,"[72, 57, 37, 28, 35]",120 1121 2615 2337 725
803,"[1, 82, 73, 19, 39]",120 1140 2672 2394 744
804,"[20, 12, 93, 75, 11]",120 1122 2620 2344 728
805,"[51, 94, 5, 24, 64]",120 1149 2701 2425 755
806,"[36, 4, 100, 49, 13]",120 1158 2733 2462 769
807,"[33, 46, 26, 24, 21]",120 1114 2594 2316 718
808,"[31, 13, 19, 69, 11]",120 1131 2648 2373 738
809,"[87, 61, 39, 60, 17]",120 1149 2703 2429 757
810,"[96, 6, 75, 37, 26]",120 1137 2663 2385 741
811,"[78, 85, 32, 57, 56]",120 1122 2618 2340 726
812,"[43, 99, 22, 89, 30]",120 1116 2600 2322 720
813,"[67, 76, 61, 42, 15]",120 1137 2665 2389 743
814,"[18, 59, 94, 57, 85]",120 1132 2648 2370 736
815,"[25, 54, 69, 55, 3]",120 1155 2721 2447 763
816,"[89, 35, 64, 70, 84]",120 1121 2615 2337 725
817,"[52, 83, 8, 47, 70]",120 1140 2672 2394 744
818,"[32, 27, 90, 17, 42]",120 1149 2704 2431 758
819,"[45, 22, 12, 44, 48]",120 1140 2676 2402 748
820,"[52, 41, 10, 11, 86]",120 1143 2686 2413 752
821,"[52, 23, 10, 66, 19]",120 1127 2634 2357 732
822,"[44, 84, 54, 28, 36]",120 1129 2641 2365 735
823,"[77, 93, 41, 10, 82]",120 1140 2674 2398 746
824,"[44, 1, 99, 24, 69]",120 1153 2713 2437 759
825,"[70, 20, 66, 77, 69]",120 1143 2682 2405 748
826,"[89, 2, 51, 30, 24]",120 1153 2717 2445 763
827,"[1, 43, 89, 5, 59]",120 1157 2730 2459 768
828,"[11, 85, 10, 58, 23]",120 1133 2655 2381 741
829,"[51, 3, 27, 18, 43]",120 1138 2666 2388 742
830,"[12, 74, 47, 40, 96]",120 1135 2657 2379 739
831,"[74, 83, 30, 31, 40]",120 1110 2582 2304 714
832,"[88, 43, 65, 6, 14]",120 1142 2681 2406 749
833,"[82, 50, 5, 11, 33]",120 1152 2713 2440 761
834,"[93, 69, 47, 49, 16]",120 1137 2663 2385 741
835,"[46, 16, 51, 58, 13]",120 1135 2659 2383 741
836,"[92, 78, 39, 30, 94]",120 1110 2582 2304 714
837,"[78, 93, 16, 51, 28]",120 1122 2618 2340 726
838,"[6, 59, 16, 40, 19]",120 1132 2647 2367 734
839,"[89, 18, 9, 20, 1]",120 1171 2777 2511 787
840,"[95, 62, 78, 77, 79]",120 1137 2664 2387 742
841,"[67, 17, 13, 21, 81]",120 1119 2611 2335 725
842,"[28, 18, 54, 19, 100]",120 1130 2645 2370 737
843,"[60, 26, 53, 23, 79]",120 1135 2659 2383 741
844,"[45, 55, 88, 78, 60]",120 1116 2600 2322 720
845,"[59, 22, 41, 13, 88]",120 1137 2665 2389 743
846,"[94, 42, 44, 37, 45]",120 1148 2698 2422 754
847,"[69, 54, 93, 74, 41]",120 1130 2644 2368 736
848,"[43, 4, 52, 71, 42]",120 1143 2681 2403 747
849,"[22, 44, 88, 13, 81]",120 1116 2600 2322 720
850,"[1, 90, 36, 60, 85]",120 1143 2681 2403 747
851,"[70, 88, 81, 65, 13]",120 1140 2672 2394 744
852,"[7, 72, 28, 12, 9]",120 1146 2697 2426 757
853,"[65, 29, 7, 13, 38]",120 1149 2703 2429 757
854,"[44, 86, 35, 34, 99]",120 1110 2582 2304 714
855,"[66, 7, 39, 97, 57]",120 1152 2710 2434 758
856,"[20, 86, 1, 37, 31]",120 1172 2778 2510 786
857,"[49, 76, 28, 55, 54]",120 1153 2715 2441 761
858,"[96, 86, 40, 73, 21]",120 1129 2641 2365 735
859,"[93, 87, 92, 90, 35]",120 1121 2615 2337 725
860,"[28, 60, 88, 20, 8]",120 1132 2647 2367 734
861,"[98, 69, 44, 66, 11]",120 1158 2730 2456 766
862,"[72, 15, 94, 39, 34]",120 1133 2651 2373 737
863,"[66, 76, 9, 12, 77]",120 1116 2600 2322 720
864,"[6, 10, 67, 52, 87]",120 1142 2683 2410 751
865,"[46, 2, 40, 16, 30]",120 1140 2673 2396 745
866,"[62, 31, 81, 36, 74]",120 1112 2588 2310 716
867,"[50, 40, 6, 43, 1]",120 1149 2703 2429 757
868,"[33, 90, 11, 79, 50]",120 1128 2636 2358 732
869,"[31, 91, 12, 5, 73]",120 1137 2667 2393 745
870,"[30, 87, 67, 42, 52]",120 1121 2615 2337 725
871,"[65, 29, 49, 73, 38]",120 1114 2594 2316 718
872,"[81, 80, 79, 83, 91]",120 1110 2582 2304 714
873,"[41, 64, 23, 69, 58]",120 1116 2600 2322 720
874,"[67, 55, 85, 1, 83]",120 1143 2681 2403 747
875,"[77, 85, 65, 37, 50]",120 1110 2582 2304 714
876,"[91, 19, 3, 47, 68]",120 1149 2701 2425 755
877,"[86, 9, 58, 43, 25]",120 1143 2683 2407 749
878,"[94, 37, 74, 26, 41]",120 1122 2618 2340 726
879,"[39, 61, 67, 14, 54]",120 1127 2633 2355 731
880,"[59, 45, 24, 75, 83]",120 1121 2615 2337 725
881,"[76, 14, 91, 61, 2]",120 1154 2718 2444 762
882,"[55, 98, 99, 86, 92]",120 1112 2588 2310 716
883,"[4, 40, 24, 88, 84]",120 1127 2633 2355 731
884,"[24, 25, 45, 87, 55]",120 1129 2641 2365 735
885,"[57, 15, 75, 56, 83]",120 1133 2651 2373 737
886,"[44, 68, 37, 81, 72]",120 1127 2635 2359 733
887,"[74, 34, 63, 86, 33]",120 1125 2629 2353 731
888,"[58, 7, 75, 91, 48]",120 1143 2681 2403 747
889,"[33, 28, 53, 85, 8]",120 1140 2672 2394 744
890,"[87, 62, 99, 72, 80]",120 1110 2582 2304 714
891,"[93, 58, 3, 2, 99]",120 1143 2685 2411 751
892,"[84, 77, 28, 54, 6]",120 1131 2645 2367 735
893,"[97, 65, 41, 92, 46]",120 1110 2582 2304 714
894,"[86, 9, 83, 10, 7]",120 1128 2638 2362 734
895,"[86, 20, 19, 9, 5]",120 1162 2749 2482 777
896,"[93, 68, 71, 28, 49]",120 1148 2700 2426 756
897,"[50, 99, 65, 19, 92]",120 1127 2633 2355 731
898,"[95, 65, 17, 3, 15]",120 1135 2661 2387 743
899,"[14, 40, 78, 33, 59]",120 1133 2651 2373 737
900,"[87, 76, 26, 42, 4]",120 1138 2666 2388 742
901,"[2, 21, 3, 36, 98]",120 1162 2747 2478 775
902,"[81, 62, 74, 97, 35]",120 1128 2637 2360 733
903,"[61, 87, 30, 27, 23]",120 1119 2609 2331 723
904,"[94, 25, 79, 2, 67]",120 1149 2701 2425 755
905,"[48, 46, 78, 41, 37]",120 1134 2656 2380 740
906,"[28, 38, 49, 73, 78]",120 1116 2600 2322 720
907,"[44, 74, 58, 41, 79]",120 1110 2582 2304 714
908,"[44, 83, 98, 91, 71]",120 1119 2609 2331 723
909,"[91, 27, 36, 70, 83]",120 1118 2606 2328 722
910,"[82, 20, 17, 18, 57]",120 1116 2602 2326 722
911,"[76, 15, 89, 3, 38]",120 1147 2697 2423 755
912,"[56, 98, 3, 41, 77]",120 1143 2681 2403 747
913,"[35, 97, 88, 38, 90]",120 1140 2676 2402 748
914,"[22, 43, 86, 67, 85]",120 1116 2600 2322 720
915,"[47, 63, 72, 21, 65]",120 1135 2659 2383 741
916,"[65, 82, 32, 23, 38]",120 1119 2609 2331 723
917,"[3, 51, 55, 45, 56]",120 1138 2666 2388 742
918,"[50, 87, 43, 4, 82]",120 1132 2648 2370 736
919,"[61, 24, 98, 60, 7]",120 1153 2715 2441 761
920,"[41, 74, 5, 20, 90]",120 1143 2683 2407 749
921,"[78, 90, 98, 57, 38]",120 1115 2597 2319 719
922,"[19, 91, 30, 9, 81]",120 1121 2617 2341 727
923,"[92, 1, 3, 91, 12]",120 1125 2629 2353 731
924,"[85, 89, 11, 99, 57]",120 1143 2683 2407 749
925,"[29, 13, 93, 33, 34]",120 1168 2766 2498 782
926,"[82, 62, 50, 79, 30]",120 1116 2600 2322 720
927,"[90, 9, 56, 94, 49]",120 1127 2633 2355 731
928,"[73, 6, 70, 69, 7]",120 1140 2676 2402 748
929,"[26, 6, 10, 59, 79]",120 1139 2673 2399 747
930,"[23, 30, 95, 87, 1]",120 1135 2659 2383 741
931,"[16, 27, 56, 37, 31]",120 1137 2664 2387 742
932,"[42, 99, 50, 72, 26]",120 1129 2639 2361 733
933,"[86, 82, 81, 92, 64]",120 1120 2612 2334 724
934,"[92, 16, 70, 66, 96]",120 1124 2624 2346 728
935,"[81, 99, 37, 20, 15]",120 1121 2617 2341 727
936,"[90, 32, 69, 70, 11]",120 1149 2703 2429 757
937,"[40, 54, 85, 26, 73]",120 1121 2615 2337 725
938,"[6, 59, 55, 63, 77]",120 1144 2684 2406 748
939,"[45, 95, 44, 97, 39]",120 1122 2618 2340 726
940,"[47, 64, 97, 20, 84]",120 1125 2627 2349 729
941,"[75, 15, 78, 9, 56]",120 1116 2600 2322 720
942,"[25, 84, 40, 8, 67]",120 1135 2657 2379 739
943,"[99, 41, 95, 14, 88]",120 1130 2644 2368 736
944,"[71, 37, 97, 64, 92]",120 1121 2615 2337 725
945,"[99, 49, 82, 93, 2]",120 1143 2681 2403 747
946,"[95, 79, 7, 67, 45]",120 1149 2701 2425 755
947,"[22, 17, 11, 21, 25]",120 1130 2644 2368 736
948,"[39, 91, 50, 84, 53]",120 1122 2618 2340 726
949,"[34, 6, 86, 47, 3]",120 1156 2726 2454 766
950,"[40, 85, 81, 26, 22]",120 1113 2591 2313 717
951,"[11, 42, 7, 67, 2]",120 1150 2710 2440 762
952,"[92, 63, 31, 23, 33]",120 1122 2618 2340 726
953,"[51, 11, 16, 17, 71]",120 1124 2628 2354 732
954,"[11, 3, 79, 15, 60]",120 1135 2661 2387 743
955,"[27, 94, 33, 56, 15]",120 1133 2652 2375 738
956,"[5, 37, 30, 42, 76]",120 1153 2713 2437 759
957,"[24, 90, 36, 54, 98]",120 1116 2600 2322 720
958,"[3, 22, 82, 67, 52]",120 1149 2701 2425 755
959,"[31, 39, 48, 60, 5]",120 1143 2681 2403 747
960,"[68, 50, 87, 61, 16]",120 1144 2686 2410 750
961,"[44, 7, 1, 100, 80]",120 1151 2709 2435 759
962,"[54, 81, 24, 65, 23]",120 1125 2629 2353 731
963,"[92, 95, 10, 99, 1]",120 1144 2688 2414 752
964,"[97, 51, 39, 31, 26]",120 1129 2641 2365 735
965,"[86, 82, 29, 60, 24]",120 1110 2582 2304 714
966,"[62, 87, 66, 82, 25]",120 1122 2618 2340 726
967,"[16, 44, 50, 68, 51]",120 1153 2715 2441 761
968,"[45, 6, 89, 40, 74]",120 1140 2672 2394 744
969,"[24, 62, 85, 57, 90]",120 1122 2618 2340 726
970,"[54, 25, 36, 88, 71]",120 1121 2616 2339 726
971,"[56, 27, 86, 11, 64]",120 1149 2703 2429 757
972,"[18, 44, 7, 79, 3]",120 1154 2721 2450 765
973,"[47, 77, 72, 85, 43]",120 1125 2629 2353 731
974,"[49, 47, 85, 98, 91]",120 1125 2629 2353 731
975,"[99, 90, 61, 14, 5]",120 1136 2662 2386 742
976,"[76, 56, 6, 65, 77]",120 1127 2633 2355 731
977,"[44, 31, 60, 45, 41]",120 1142 2680 2404 748
978,"[30, 14, 64, 94, 61]",120 1149 2703 2429 757
979,"[35, 44, 1, 16, 9]",120 1142 2679 2402 747
980,"[60, 48, 97, 85, 91]",120 1116 2600 2322 720
981,"[66, 49, 53, 82, 20]",120 1135 2657 2379 739
982,"[84, 36, 78, 100, 94]",120 1126 2630 2352 730
983,"[75, 80, 33, 83, 93]",120 1136 2660 2382 740
984,"[58, 69, 30, 48, 49]",120 1130 2642 2364 734
985,"[14, 87, 63, 3, 52]",120 1153 2715 2441 761
986,"[14, 36, 80, 75, 71]",120 1130 2644 2368 736
987,"[44, 91, 66, 77, 55]",120 1114 2594 2316 718
988,"[25, 90, 20, 48, 52]",120 1142 2682 2408 750
989,"[71, 45, 37, 7, 23]",120 1148 2698 2422 754
990,"[21, 59, 18, 49, 10]",120 1124 2624 2346 728
991,"[86, 80, 8, 22, 71]",120 1133 2653 2377 739
992,"[75, 65, 36, 98, 22]",120 1134 2656 2380 740
993,"[46, 63, 14, 56, 9]",120 1130 2644 2368 736
994,"[88, 1, 61, 7, 59]",120 1153 2717 2445 763
995,"[38, 40, 93, 30, 18]",120 1158 2732 2460 768
996,"[99, 97, 15, 85, 80]",120 1127 2633 2355 731
997,"[100, 21, 99, 96, 65]",120 1116 2600 2322 720
998,"[59, 62, 24, 52, 35]",120 1110 2582 2304 714
999,"[43, 64, 59, 24, 58]",120 1132 2651 2376 739
