,vertice,f_vector
0,"[1, 501, 964, 975]",24 116 162 70
1,"[1, 123, 676, 678]",24 114 158 68
2,"[1, 693, 696, 960]",24 116 162 70
3,"[1, 336, 662, 834]",24 116 162 70
4,"[1, 263, 980, 995]",24 116 162 70
5,"[1, 125, 759, 892]",24 116 162 70
6,"[1, 866, 960, 977]",24 116 162 70
7,"[1, 958, 991, 997]",24 116 162 70
8,"[1, 8, 256, 732]",24 115 160 69
9,"[1, 915, 983, 1000]",24 116 162 70
10,"[1, 384, 523, 547]",24 116 162 70
11,"[1, 966, 980, 985]",24 116 162 70
12,"[1, 645, 716, 905]",24 116 162 70
13,"[1, 413, 677, 872]",24 116 162 70
14,"[1, 197, 390, 744]",24 116 162 70
15,"[1, 441, 813, 908]",24 116 162 70
16,"[1, 453, 566, 819]",24 116 162 70
17,"[1, 901, 930, 951]",24 116 162 70
18,"[1, 280, 383, 835]",24 116 162 70
19,"[1, 601, 656, 783]",24 116 162 70
20,"[1, 390, 806, 871]",24 116 162 70
21,"[1, 282, 501, 527]",24 116 162 70
22,"[1, 269, 660, 858]",24 116 162 70
23,"[1, 899, 913, 949]",24 116 162 70
24,"[1, 94, 307, 358]",24 116 162 70
25,"[1, 758, 992, 995]",24 116 162 70
26,"[1, 105, 453, 513]",24 116 162 70
27,"[1, 44, 590, 658]",24 115 160 69
28,"[1, 985, 987, 996]",24 116 162 70
29,"[1, 123, 224, 433]",24 116 162 70
30,"[1, 718, 883, 994]",24 116 162 70
31,"[1, 978, 983, 992]",24 116 162 70
32,"[1, 801, 837, 854]",24 116 162 70
33,"[1, 978, 997, 999]",24 116 162 70
34,"[1, 472, 615, 838]",24 116 162 70
35,"[1, 688, 735, 988]",24 116 162 70
36,"[1, 882, 999, 1000]",24 116 162 70
37,"[1, 963, 999, 1000]",24 116 162 70
38,"[1, 515, 756, 869]",24 116 162 70
39,"[1, 537, 617, 787]",24 116 162 70
40,"[1, 278, 977, 986]",24 115 160 69
41,"[1, 861, 918, 944]",24 116 162 70
42,"[1, 920, 943, 959]",24 116 162 70
43,"[1, 172, 190, 406]",24 116 162 70
44,"[1, 936, 957, 990]",24 116 162 70
45,"[1, 535, 819, 983]",24 116 162 70
46,"[1, 141, 679, 902]",24 116 162 70
47,"[1, 667, 676, 841]",24 116 162 70
48,"[1, 14, 95, 783]",24 116 162 70
49,"[1, 124, 533, 770]",24 116 162 70
50,"[1, 290, 335, 401]",24 116 162 70
51,"[1, 266, 966, 1000]",24 116 162 70
52,"[1, 962, 980, 995]",24 116 162 70
53,"[1, 175, 551, 610]",24 116 162 70
54,"[1, 579, 868, 962]",24 116 162 70
55,"[1, 109, 271, 777]",24 116 162 70
56,"[1, 710, 976, 983]",24 116 162 70
57,"[1, 518, 894, 934]",24 116 162 70
58,"[1, 870, 967, 970]",24 116 162 70
59,"[1, 104, 823, 941]",24 116 162 70
60,"[1, 281, 320, 640]",24 116 162 70
61,"[1, 695, 731, 840]",24 116 162 70
62,"[1, 536, 642, 675]",24 116 162 70
63,"[1, 498, 955, 988]",24 116 162 70
64,"[1, 988, 989, 998]",24 116 162 70
65,"[1, 692, 906, 961]",24 116 162 70
66,"[1, 254, 965, 998]",24 116 162 70
67,"[1, 62, 843, 962]",24 115 160 69
68,"[1, 710, 758, 853]",24 116 162 70
69,"[1, 424, 956, 983]",24 116 162 70
70,"[1, 172, 430, 860]",24 116 162 70
71,"[1, 367, 490, 689]",24 116 162 70
72,"[1, 381, 901, 936]",24 116 162 70
73,"[1, 791, 860, 925]",24 116 162 70
74,"[1, 572, 681, 703]",24 116 162 70
75,"[1, 699, 947, 949]",24 116 162 70
76,"[1, 173, 676, 867]",24 116 162 70
77,"[1, 453, 577, 626]",24 116 162 70
78,"[1, 180, 669, 877]",24 116 162 70
79,"[1, 938, 970, 985]",24 116 162 70
80,"[1, 877, 953, 957]",24 116 162 70
81,"[1, 880, 957, 961]",24 116 162 70
82,"[1, 267, 416, 728]",24 116 162 70
83,"[1, 970, 972, 977]",24 116 162 70
84,"[1, 553, 618, 795]",24 116 162 70
85,"[1, 896, 963, 993]",24 116 162 70
86,"[1, 363, 760, 868]",24 116 162 70
87,"[1, 442, 893, 956]",24 116 162 70
88,"[1, 459, 490, 952]",24 116 162 70
89,"[1, 665, 779, 971]",24 116 162 70
90,"[1, 355, 792, 859]",24 116 162 70
91,"[1, 879, 1000, 963]",24 116 162 70
92,"[1, 582, 974, 980]",24 116 162 70
93,"[1, 319, 615, 876]",24 116 162 70
94,"[1, 75, 320, 557]",24 116 162 70
95,"[1, 790, 923, 955]",24 116 162 70
96,"[1, 954, 972, 983]",24 116 162 70
97,"[1, 274, 997, 998]",24 114 158 68
98,"[1, 942, 960, 982]",24 116 162 70
99,"[1, 72, 696, 969]",24 116 162 70
100,"[1, 967, 988, 997]",24 116 162 70
101,"[1, 878, 948, 961]",24 116 162 70
102,"[1, 916, 993, 1000]",24 116 162 70
103,"[1, 976, 982, 996]",24 116 162 70
104,"[1, 705, 798, 1000]",24 116 162 70
105,"[1, 242, 826, 835]",24 115 160 69
106,"[1, 157, 415, 445]",24 116 162 70
107,"[1, 978, 980, 990]",24 116 162 70
108,"[1, 185, 917, 991]",24 116 162 70
109,"[1, 488, 698, 884]",24 116 162 70
110,"[1, 98, 833, 974]",24 116 162 70
111,"[1, 503, 939, 978]",24 116 162 70
112,"[1, 387, 657, 850]",24 116 162 70
113,"[1, 633, 937, 950]",24 116 162 70
114,"[1, 968, 969, 998]",24 116 162 70
115,"[1, 485, 845, 958]",24 116 162 70
116,"[1, 138, 548, 755]",24 116 162 70
117,"[1, 303, 501, 607]",24 116 162 70
118,"[1, 8, 225, 664]",24 115 160 69
119,"[1, 841, 967, 991]",24 116 162 70
120,"[1, 959, 985, 987]",24 116 162 70
121,"[1, 393, 814, 897]",24 116 162 70
122,"[1, 804, 897, 938]",24 116 162 70
123,"[1, 861, 878, 966]",24 116 162 70
124,"[1, 57, 527, 694]",24 116 162 70
125,"[1, 682, 724, 890]",24 116 162 70
126,"[1, 565, 821, 980]",24 116 162 70
127,"[1, 18, 672, 802]",24 115 160 69
128,"[1, 95, 698, 964]",24 116 162 70
129,"[1, 51, 168, 267]",24 116 162 70
130,"[1, 307, 815, 913]",24 116 162 70
131,"[1, 431, 896, 976]",24 116 162 70
132,"[1, 51, 112, 994]",24 116 162 70
133,"[1, 882, 935, 971]",24 116 162 70
134,"[1, 603, 606, 971]",24 116 162 70
135,"[1, 444, 795, 807]",24 116 162 70
136,"[1, 277, 480, 629]",24 116 162 70
137,"[1, 842, 988, 996]",24 116 162 70
138,"[1, 293, 697, 962]",24 116 162 70
139,"[1, 731, 804, 825]",24 116 162 70
140,"[1, 56, 87, 643]",24 116 162 70
141,"[1, 820, 938, 958]",24 116 162 70
142,"[1, 416, 612, 832]",24 116 162 70
143,"[1, 20, 335, 905]",24 115 160 69
144,"[1, 227, 629, 893]",24 116 162 70
145,"[1, 32, 780, 962]",24 115 160 69
146,"[1, 684, 896, 991]",24 116 162 70
147,"[1, 15, 296, 310]",24 115 160 69
148,"[1, 753, 986, 997]",24 116 162 70
149,"[1, 59, 271, 454]",24 116 162 70
150,"[1, 50, 297, 863]",24 116 162 70
151,"[1, 885, 954, 966]",24 116 162 70
152,"[1, 366, 778, 993]",24 116 162 70
153,"[1, 850, 875, 878]",24 116 162 70
154,"[1, 836, 987, 990]",24 116 162 70
155,"[1, 31, 469, 749]",24 115 160 69
156,"[1, 587, 967, 998]",24 116 162 70
157,"[1, 12, 914, 942]",24 114 158 68
158,"[1, 339, 403, 821]",24 116 162 70
159,"[1, 953, 981, 985]",24 116 162 70
160,"[1, 537, 699, 820]",24 116 162 70
161,"[1, 379, 798, 834]",24 116 162 70
162,"[1, 653, 669, 780]",24 116 162 70
163,"[1, 728, 994, 375]",24 116 162 70
164,"[1, 909, 960, 988]",24 116 162 70
165,"[1, 354, 377, 999]",24 116 162 70
166,"[1, 596, 889, 997]",24 116 162 70
167,"[1, 625, 830, 897]",24 116 162 70
168,"[1, 433, 485, 988]",24 116 162 70
169,"[1, 165, 932, 972]",24 116 162 70
170,"[1, 870, 984, 987]",24 116 162 70
171,"[1, 141, 413, 532]",24 116 162 70
172,"[1, 465, 626, 844]",24 116 162 70
173,"[1, 630, 632, 735]",24 116 162 70
174,"[1, 340, 459, 963]",24 116 162 70
175,"[1, 284, 541, 808]",24 116 162 70
176,"[1, 111, 344, 392]",24 116 162 70
177,"[1, 586, 825, 894]",24 116 162 70
178,"[1, 532, 994, 463]",24 116 162 70
179,"[1, 609, 960, 998]",24 116 162 70
180,"[1, 184, 366, 431]",24 116 162 70
181,"[1, 754, 808, 920]",24 116 162 70
182,"[1, 572, 671, 708]",24 116 162 70
183,"[1, 609, 705, 748]",24 116 162 70
184,"[1, 650, 906, 930]",24 116 162 70
185,"[1, 221, 263, 344]",24 116 162 70
186,"[1, 729, 962, 973]",24 116 162 70
187,"[1, 400, 783, 939]",24 116 162 70
188,"[1, 580, 626, 845]",24 116 162 70
189,"[1, 180, 207, 898]",24 116 162 70
190,"[1, 371, 793, 990]",24 116 162 70
191,"[1, 469, 691, 827]",24 116 162 70
192,"[1, 644, 908, 955]",24 116 162 70
193,"[1, 110, 573, 680]",24 116 162 70
194,"[1, 670, 696, 879]",24 116 162 70
195,"[1, 289, 677, 831]",24 116 162 70
196,"[1, 395, 734, 926]",24 116 162 70
197,"[1, 692, 914, 998]",24 116 162 70
198,"[1, 473, 921, 924]",24 116 162 70
199,"[1, 858, 987, 997]",24 116 162 70
200,"[1, 87, 815, 831]",24 115 160 69
201,"[1, 669, 940, 945]",24 116 162 70
202,"[1, 16, 317, 497]",24 115 160 69
203,"[1, 528, 640, 742]",24 116 162 70
204,"[1, 658, 778, 812]",24 116 162 70
205,"[1, 872, 884, 942]",24 116 162 70
206,"[1, 644, 682, 884]",24 116 162 70
207,"[1, 411, 642, 909]",24 116 162 70
208,"[1, 889, 956, 958]",24 116 162 70
209,"[1, 464, 693, 780]",24 116 162 70
210,"[1, 600, 962, 999]",24 116 162 70
211,"[1, 657, 989, 999]",24 116 162 70
212,"[1, 646, 958, 954]",24 116 162 70
213,"[1, 267, 713, 781]",24 116 162 70
214,"[1, 420, 691, 967]",24 116 162 70
215,"[1, 191, 805, 852]",24 116 162 70
216,"[1, 918, 924, 946]",24 116 162 70
217,"[1, 56, 862, 993]",24 115 160 69
218,"[1, 885, 990, 998]",24 116 162 70
219,"[1, 550, 825, 868]",24 116 162 70
220,"[1, 382, 843, 899]",24 116 162 70
221,"[1, 524, 571, 615]",24 116 162 70
222,"[1, 338, 965, 983]",24 116 162 70
223,"[1, 918, 981, 991]",24 116 162 70
224,"[1, 227, 451, 641]",24 116 162 70
225,"[1, 649, 797, 984]",24 116 162 70
226,"[1, 73, 692, 982]",24 116 162 70
227,"[1, 476, 941, 969]",24 116 162 70
228,"[1, 512, 727, 882]",24 116 162 70
229,"[1, 134, 585, 844]",24 116 162 70
230,"[1, 714, 886, 943]",24 116 162 70
231,"[1, 244, 768, 925]",24 116 162 70
232,"[1, 545, 636, 937]",24 116 162 70
233,"[1, 999, 343, 754]",24 116 162 70
234,"[1, 447, 457, 905]",24 116 162 70
235,"[1, 367, 511, 840]",24 116 162 70
236,"[1, 400, 701, 782]",24 116 162 70
237,"[1, 844, 851, 982]",24 116 162 70
238,"[1, 759, 920, 976]",24 116 162 70
239,"[1, 888, 905, 978]",24 116 162 70
240,"[1, 57, 396, 634]",24 116 162 70
241,"[1, 855, 957, 968]",24 116 162 70
242,"[1, 303, 443, 776]",24 116 162 70
243,"[1, 401, 619, 710]",24 116 162 70
244,"[1, 568, 769, 847]",24 116 162 70
245,"[1, 182, 464, 474]",24 116 162 70
246,"[1, 938, 959, 967]",24 116 162 70
247,"[1, 728, 889, 959]",24 116 162 70
248,"[1, 469, 598, 805]",24 116 162 70
249,"[1, 51, 430, 558]",24 116 162 70
250,"[1, 601, 668, 780]",24 116 162 70
251,"[1, 147, 491, 498]",24 115 160 69
252,"[1, 208, 294, 580]",24 116 162 70
253,"[1, 59, 724, 889]",24 115 160 69
254,"[1, 860, 969, 990]",24 116 162 70
255,"[1, 61, 336, 657]",24 116 162 70
256,"[1, 559, 758, 807]",24 116 162 70
257,"[1, 471, 483, 938]",24 116 162 70
258,"[1, 281, 652, 759]",24 116 162 70
259,"[1, 178, 242, 798]",24 116 162 70
260,"[1, 907, 948, 964]",24 116 162 70
261,"[1, 385, 998, 999]",24 115 160 69
262,"[1, 767, 855, 977]",24 116 162 70
263,"[1, 775, 859, 950]",24 116 162 70
264,"[1, 77, 698, 813]",24 116 162 70
265,"[1, 653, 789, 957]",24 116 162 70
266,"[1, 122, 572, 575]",24 115 160 69
267,"[1, 567, 595, 890]",24 116 162 70
268,"[1, 940, 943, 974]",24 116 162 70
269,"[1, 995, 998, 1000]",24 116 162 70
270,"[1, 273, 765, 979]",24 116 162 70
271,"[1, 421, 887, 949]",24 116 162 70
272,"[1, 82, 289, 526]",24 116 162 70
273,"[1, 736, 790, 956]",24 116 162 70
274,"[1, 225, 983, 999]",24 115 160 69
275,"[1, 636, 923, 928]",24 116 162 70
276,"[1, 693, 974, 989]",24 116 162 70
277,"[1, 590, 689, 823]",24 116 162 70
278,"[1, 358, 362, 402]",24 116 162 70
279,"[1, 939, 968, 977]",24 116 162 70
280,"[1, 889, 946, 968]",24 116 162 70
281,"[1, 4, 318, 610]",24 115 160 69
282,"[1, 595, 633, 940]",24 116 162 70
283,"[1, 342, 872, 986]",24 116 162 70
284,"[1, 900, 909, 999]",24 116 162 70
285,"[1, 651, 859, 959]",24 116 162 70
286,"[1, 459, 659, 745]",24 116 162 70
287,"[1, 306, 489, 529]",24 116 162 70
288,"[1, 109, 463, 677]",24 116 162 70
289,"[1, 773, 969, 987]",24 116 162 70
290,"[1, 441, 974, 998]",24 116 162 70
291,"[1, 627, 698, 922]",24 116 162 70
292,"[1, 945, 976, 1000]",24 116 162 70
293,"[1, 67, 531, 647]",24 116 162 70
294,"[1, 425, 897, 939]",24 116 162 70
295,"[1, 58, 325, 652]",24 116 162 70
296,"[1, 718, 970, 999]",24 116 162 70
297,"[1, 894, 924, 951]",24 116 162 70
298,"[1, 981, 985, 993]",24 116 162 70
299,"[1, 545, 658, 742]",24 116 162 70
300,"[1, 719, 910, 973]",24 116 162 70
301,"[1, 398, 694, 762]",24 116 162 70
302,"[1, 112, 594, 652]",24 116 162 70
303,"[1, 645, 993, 1000]",24 116 162 70
304,"[1, 53, 913, 970]",24 115 160 69
305,"[1, 412, 674, 790]",24 116 162 70
306,"[1, 14, 980, 985]",24 114 158 68
307,"[1, 689, 895, 994]",24 116 162 70
308,"[1, 137, 552, 562]",24 115 160 69
309,"[1, 920, 921, 993]",24 116 162 70
310,"[1, 92, 396, 527]",24 116 162 70
311,"[1, 974, 983, 992]",24 116 162 70
312,"[1, 165, 447, 814]",24 116 162 70
313,"[1, 317, 787, 969]",24 116 162 70
314,"[1, 101, 613, 923]",24 116 162 70
315,"[1, 601, 974, 975]",24 115 160 69
316,"[1, 915, 974, 977]",24 116 162 70
317,"[1, 817, 825, 860]",24 116 162 70
318,"[1, 937, 965, 981]",24 116 162 70
319,"[1, 635, 855, 868]",24 116 162 70
320,"[1, 861, 1000, 434]",24 116 162 70
321,"[1, 882, 923, 952]",24 116 162 70
322,"[1, 514, 536, 589]",24 116 162 70
323,"[1, 293, 566, 893]",24 116 162 70
324,"[1, 436, 874, 980]",24 116 162 70
325,"[1, 894, 980, 726]",24 116 162 70
326,"[1, 728, 942, 955]",24 116 162 70
327,"[1, 905, 996, 1000]",24 116 162 70
328,"[1, 37, 336, 536]",24 116 162 70
329,"[1, 824, 887, 929]",24 116 162 70
330,"[1, 325, 769, 826]",24 116 162 70
331,"[1, 36, 698, 781]",24 115 160 69
332,"[1, 162, 432, 571]",24 116 162 70
333,"[1, 468, 639, 731]",24 116 162 70
334,"[1, 791, 910, 988]",24 116 162 70
335,"[1, 615, 964, 995]",24 116 162 70
336,"[1, 232, 307, 685]",24 116 162 70
337,"[1, 730, 832, 833]",24 116 162 70
338,"[1, 473, 530, 770]",24 116 162 70
339,"[1, 447, 860, 996]",24 116 162 70
340,"[1, 582, 592, 716]",24 116 162 70
341,"[1, 244, 964, 989]",24 116 162 70
342,"[1, 309, 570, 723]",24 116 162 70
343,"[1, 843, 957, 980]",24 116 162 70
344,"[1, 927, 984, 996]",24 116 162 70
345,"[1, 671, 705, 764]",24 116 162 70
346,"[1, 522, 878, 936]",24 116 162 70
347,"[1, 411, 533, 897]",24 116 162 70
348,"[1, 929, 942, 986]",24 116 162 70
349,"[1, 944, 949, 984]",24 116 162 70
350,"[1, 198, 535, 817]",24 116 162 70
351,"[1, 346, 487, 801]",24 116 162 70
352,"[1, 848, 902, 971]",24 116 162 70
353,"[1, 939, 971, 1000]",24 116 162 70
354,"[1, 391, 981, 204]",24 116 162 70
355,"[1, 377, 732, 738]",24 116 162 70
356,"[1, 609, 961, 979]",24 116 162 70
357,"[1, 859, 888, 936]",24 116 162 70
358,"[1, 599, 933, 954]",24 116 162 70
359,"[1, 257, 450, 855]",24 116 162 70
360,"[1, 650, 746, 880]",24 116 162 70
361,"[1, 956, 995, 996]",24 116 162 70
362,"[1, 587, 877, 942]",24 116 162 70
363,"[1, 593, 668, 684]",24 116 162 70
364,"[1, 472, 934, 990]",24 116 162 70
365,"[1, 757, 948, 971]",24 116 162 70
366,"[1, 466, 728, 950]",24 116 162 70
367,"[1, 431, 838, 881]",24 116 162 70
368,"[1, 771, 809, 885]",24 116 162 70
369,"[1, 671, 837, 868]",24 116 162 70
370,"[1, 286, 806, 996]",24 116 162 70
371,"[1, 688, 916, 954]",24 116 162 70
372,"[1, 290, 705, 825]",24 116 162 70
373,"[1, 101, 462, 945]",24 116 162 70
374,"[1, 941, 955, 989]",24 116 162 70
375,"[1, 119, 581, 932]",24 116 162 70
376,"[1, 950, 974, 975]",24 116 162 70
377,"[1, 309, 365, 884]",24 116 162 70
378,"[1, 924, 939, 960]",24 116 162 70
379,"[1, 2, 350, 668]",24 115 160 69
380,"[1, 293, 473, 497]",24 116 162 70
381,"[1, 345, 406, 725]",24 116 162 70
382,"[1, 383, 719, 754]",24 116 162 70
383,"[1, 321, 825, 920]",24 116 162 70
384,"[1, 949, 950, 987]",24 116 162 70
385,"[1, 42, 725, 844]",24 115 160 69
386,"[1, 361, 725, 776]",24 116 162 70
387,"[1, 681, 719, 765]",24 116 162 70
388,"[1, 21, 628, 783]",24 115 160 69
389,"[1, 279, 356, 682]",24 116 162 70
390,"[1, 1000, 85, 266]",24 116 162 70
391,"[1, 904, 955, 980]",24 116 162 70
392,"[1, 578, 595, 928]",24 116 162 70
393,"[1, 31, 332, 414]",24 115 160 69
394,"[1, 832, 991, 998]",24 116 162 70
395,"[1, 331, 587, 653]",24 116 162 70
396,"[1, 985, 1000, 520]",24 116 162 70
397,"[1, 58, 933, 942]",24 115 160 69
398,"[1, 879, 939, 991]",24 116 162 70
399,"[1, 561, 657, 816]",24 116 162 70
400,"[1, 736, 862, 879]",24 116 162 70
401,"[1, 760, 766, 843]",24 116 162 70
402,"[1, 979, 983, 998]",24 116 162 70
403,"[1, 807, 919, 978]",24 116 162 70
404,"[1, 156, 161, 755]",24 116 162 70
405,"[1, 268, 416, 514]",24 116 162 70
406,"[1, 848, 930, 993]",24 116 162 70
407,"[1, 289, 994, 997]",24 115 160 69
408,"[1, 96, 599, 790]",24 116 162 70
409,"[1, 90, 710, 968]",24 116 162 70
410,"[1, 730, 954, 984]",24 116 162 70
411,"[1, 454, 913, 985]",24 116 162 70
412,"[1, 903, 955, 968]",24 116 162 70
413,"[1, 311, 567, 652]",24 116 162 70
414,"[1, 228, 684, 876]",24 116 162 70
415,"[1, 898, 1000, 138]",24 116 162 70
416,"[1, 870, 896, 943]",24 116 162 70
417,"[1, 60, 61, 917]",24 116 162 70
418,"[1, 174, 817, 837]",24 115 160 69
419,"[1, 247, 478, 743]",24 116 162 70
420,"[1, 524, 968, 973]",24 116 162 70
421,"[1, 916, 989, 1000]",24 116 162 70
422,"[1, 532, 939, 996]",24 116 162 70
423,"[1, 755, 816, 933]",24 116 162 70
424,"[1, 563, 823, 937]",24 116 162 70
425,"[1, 98, 574, 585]",24 115 160 69
426,"[1, 383, 459, 743]",24 116 162 70
427,"[1, 456, 575, 763]",24 116 162 70
428,"[1, 369, 585, 649]",24 116 162 70
429,"[1, 720, 744, 957]",24 116 162 70
430,"[1, 184, 972, 978]",24 115 160 69
431,"[1, 527, 571, 647]",24 116 162 70
432,"[1, 577, 701, 814]",24 116 162 70
433,"[1, 434, 843, 909]",24 116 162 70
434,"[1, 822, 923, 987]",24 116 162 70
435,"[1, 915, 965, 977]",24 116 162 70
436,"[1, 842, 903, 919]",24 116 162 70
437,"[1, 656, 940, 978]",24 116 162 70
438,"[1, 356, 898, 935]",24 116 162 70
439,"[1, 879, 884, 985]",24 116 162 70
440,"[1, 200, 823, 826]",24 115 160 69
441,"[1, 302, 507, 589]",24 116 162 70
442,"[1, 223, 226, 231]",24 116 162 70
443,"[1, 786, 809, 926]",24 116 162 70
444,"[1, 495, 746, 765]",24 116 162 70
445,"[1, 501, 940, 998]",24 116 162 70
446,"[1, 442, 872, 912]",24 116 162 70
447,"[1, 828, 855, 871]",24 116 162 70
448,"[1, 758, 999, 1000]",24 116 162 70
449,"[1, 976, 988, 996]",24 116 162 70
450,"[1, 565, 905, 935]",24 116 162 70
451,"[1, 687, 998, 739]",24 116 162 70
452,"[1, 81, 165, 865]",24 116 162 70
453,"[1, 276, 413, 707]",24 116 162 70
454,"[1, 707, 882, 916]",24 116 162 70
455,"[1, 248, 855, 944]",24 116 162 70
456,"[1, 509, 761, 897]",24 116 162 70
457,"[1, 627, 672, 842]",24 116 162 70
458,"[1, 161, 852, 918]",24 116 162 70
459,"[1, 680, 773, 799]",24 116 162 70
460,"[1, 998, 999, 136]",24 114 158 68
461,"[1, 719, 949, 356]",24 116 162 70
462,"[1, 547, 958, 964]",24 116 162 70
463,"[1, 205, 958, 969]",24 115 160 69
464,"[1, 937, 955, 963]",24 116 162 70
465,"[1, 457, 573, 900]",24 116 162 70
466,"[1, 994, 995, 996]",24 116 162 70
467,"[1, 172, 464, 863]",24 116 162 70
468,"[1, 943, 948, 993]",24 116 162 70
469,"[1, 656, 938, 966]",24 116 162 70
470,"[1, 561, 898, 920]",24 116 162 70
471,"[1, 164, 806, 949]",24 116 162 70
472,"[1, 81, 279, 984]",24 116 162 70
473,"[1, 70, 347, 594]",24 116 162 70
474,"[1, 919, 922, 996]",24 116 162 70
475,"[1, 388, 454, 865]",24 116 162 70
476,"[1, 75, 90, 613]",24 116 162 70
477,"[1, 13, 461, 598]",24 115 160 69
478,"[1, 930, 963, 979]",24 116 162 70
479,"[1, 629, 812, 874]",24 116 162 70
480,"[1, 842, 911, 933]",24 116 162 70
481,"[1, 676, 854, 858]",24 116 162 70
482,"[1, 923, 1000, 547]",24 116 162 70
483,"[1, 550, 781, 924]",24 116 162 70
484,"[1, 507, 952, 963]",24 116 162 70
485,"[1, 595, 923, 933]",24 116 162 70
486,"[1, 30, 113, 541]",24 116 162 70
487,"[1, 279, 942, 960]",24 116 162 70
488,"[1, 795, 908, 952]",24 116 162 70
489,"[1, 146, 969, 980]",24 115 160 69
490,"[1, 571, 881, 975]",24 116 162 70
491,"[1, 344, 407, 995]",24 116 162 70
492,"[1, 691, 915, 935]",24 116 162 70
493,"[1, 344, 975, 993]",24 116 162 70
494,"[1, 514, 616, 888]",24 116 162 70
495,"[1, 839, 901, 919]",24 116 162 70
496,"[1, 219, 935, 968]",24 116 162 70
497,"[1, 124, 568, 680]",24 116 162 70
498,"[1, 752, 913, 999]",24 116 162 70
499,"[1, 399, 878, 883]",24 116 162 70
500,"[1, 421, 994, 995]",24 115 160 69
501,"[1, 651, 716, 959]",24 116 162 70
502,"[1, 667, 816, 824]",24 116 162 70
503,"[1, 781, 909, 932]",24 116 162 70
504,"[1, 983, 993, 999]",24 116 162 70
505,"[1, 228, 987, 996]",24 115 160 69
506,"[1, 1000, 633, 645]",24 116 162 70
507,"[1, 650, 860, 888]",24 116 162 70
508,"[1, 178, 744, 919]",24 116 162 70
509,"[1, 206, 843, 970]",24 116 162 70
510,"[1, 190, 222, 825]",24 116 162 70
511,"[1, 657, 990, 999]",24 116 162 70
512,"[1, 11, 175, 395]",24 115 160 69
513,"[1, 463, 741, 843]",24 116 162 70
514,"[1, 662, 833, 956]",24 116 162 70
515,"[1, 927, 970, 984]",24 116 162 70
516,"[1, 772, 940, 955]",24 116 162 70
517,"[1, 414, 608, 759]",24 116 162 70
518,"[1, 847, 982, 999]",24 116 162 70
519,"[1, 833, 900, 964]",24 116 162 70
520,"[1, 251, 952, 959]",24 115 160 69
521,"[1, 866, 897, 973]",24 116 162 70
522,"[1, 89, 103, 444]",24 116 162 70
523,"[1, 539, 707, 831]",24 116 162 70
524,"[1, 232, 709, 801]",24 116 162 70
525,"[1, 286, 783, 839]",24 116 162 70
526,"[1, 422, 545, 819]",24 116 162 70
527,"[1, 345, 761, 998]",24 116 162 70
528,"[1, 213, 795, 876]",24 116 162 70
529,"[1, 209, 478, 753]",24 116 162 70
530,"[1, 494, 817, 916]",24 116 162 70
531,"[1, 863, 950, 988]",24 116 162 70
532,"[1, 897, 919, 953]",24 116 162 70
533,"[1, 407, 923, 985]",24 116 162 70
534,"[1, 235, 552, 715]",24 116 162 70
535,"[1, 97, 920, 980]",24 115 160 69
536,"[1, 233, 564, 569]",24 116 162 70
537,"[1, 588, 978, 1000]",24 116 162 70
538,"[1, 477, 903, 958]",24 116 162 70
539,"[1, 487, 725, 938]",24 116 162 70
540,"[1, 136, 190, 699]",24 116 162 70
541,"[1, 434, 807, 733]",24 116 162 70
542,"[1, 889, 935, 950]",24 116 162 70
543,"[1, 823, 986, 989]",24 116 162 70
544,"[1, 984, 986, 993]",24 116 162 70
545,"[1, 352, 841, 889]",24 116 162 70
546,"[1, 212, 901, 991]",24 116 162 70
547,"[1, 206, 387, 450]",24 116 162 70
548,"[1, 196, 700, 948]",24 116 162 70
549,"[1, 310, 382, 986]",24 116 162 70
550,"[1, 653, 841, 1000]",24 116 162 70
551,"[1, 253, 748, 977]",24 116 162 70
552,"[1, 33, 611, 694]",24 115 160 69
553,"[1, 228, 562, 704]",24 116 162 70
554,"[1, 728, 804, 952]",24 116 162 70
555,"[1, 404, 876, 956]",24 116 162 70
556,"[1, 340, 987, 993]",24 115 160 69
557,"[1, 24, 281, 820]",24 116 162 70
558,"[1, 345, 499, 810]",24 116 162 70
559,"[1, 733, 835, 885]",24 116 162 70
560,"[1, 818, 979, 996]",24 116 162 70
561,"[1, 750, 999, 1000]",24 116 162 70
562,"[1, 646, 675, 863]",24 116 162 70
563,"[1, 79, 535, 601]",24 116 162 70
564,"[1, 179, 881, 884]",24 115 160 69
565,"[1, 186, 922, 955]",24 116 162 70
566,"[1, 184, 612, 867]",24 116 162 70
567,"[1, 974, 991, 279]",24 116 162 70
568,"[1, 888, 973, 994]",24 116 162 70
569,"[1, 299, 461, 879]",24 116 162 70
570,"[1, 448, 464, 653]",24 116 162 70
571,"[1, 859, 915, 936]",24 116 162 70
572,"[1, 717, 951, 954]",24 116 162 70
573,"[1, 204, 322, 568]",24 116 162 70
574,"[1, 318, 886, 908]",24 116 162 70
575,"[1, 505, 531, 883]",24 116 162 70
576,"[1, 827, 858, 859]",24 116 162 70
577,"[1, 660, 722, 750]",24 116 162 70
578,"[1, 280, 284, 582]",24 116 162 70
579,"[1, 716, 808, 942]",24 116 162 70
580,"[1, 830, 924, 966]",24 116 162 70
581,"[1, 192, 315, 631]",24 116 162 70
582,"[1, 928, 975, 998]",24 116 162 70
583,"[1, 60, 588, 876]",24 116 162 70
584,"[1, 859, 980, 939]",24 116 162 70
585,"[1, 117, 754, 863]",24 116 162 70
586,"[1, 610, 669, 727]",24 116 162 70
587,"[1, 650, 818, 994]",24 116 162 70
588,"[1, 196, 248, 476]",24 116 162 70
589,"[1, 439, 604, 633]",24 116 162 70
590,"[1, 452, 503, 707]",24 116 162 70
591,"[1, 701, 950, 962]",24 116 162 70
592,"[1, 1000, 76, 93]",24 116 162 70
593,"[1, 440, 891, 904]",24 116 162 70
594,"[1, 225, 454, 689]",24 116 162 70
595,"[1, 29, 61, 623]",24 116 162 70
596,"[1, 889, 910, 958]",24 116 162 70
597,"[1, 101, 387, 826]",24 116 162 70
598,"[1, 118, 716, 800]",24 116 162 70
599,"[1, 108, 764, 903]",24 116 162 70
600,"[1, 872, 899, 959]",24 116 162 70
601,"[1, 826, 911, 987]",24 116 162 70
602,"[1, 373, 840, 853]",24 116 162 70
603,"[1, 825, 326, 452]",24 116 162 70
604,"[1, 380, 878, 885]",24 116 162 70
605,"[1, 10, 614, 849]",24 115 160 69
606,"[1, 372, 774, 785]",24 116 162 70
607,"[1, 238, 388, 552]",24 116 162 70
608,"[1, 315, 600, 637]",24 116 162 70
609,"[1, 930, 998, 1000]",24 116 162 70
610,"[1, 56, 561, 696]",24 116 162 70
611,"[1, 169, 584, 717]",24 116 162 70
612,"[1, 160, 435, 589]",24 116 162 70
613,"[1, 901, 1000, 390]",24 116 162 70
614,"[1, 879, 915, 991]",24 116 162 70
615,"[1, 196, 751, 917]",24 116 162 70
616,"[1, 796, 951, 991]",24 116 162 70
617,"[1, 632, 664, 908]",24 116 162 70
618,"[1, 586, 678, 844]",24 116 162 70
619,"[1, 787, 934, 1000]",24 116 162 70
620,"[1, 105, 715, 724]",24 115 160 69
621,"[1, 720, 798, 871]",24 116 162 70
622,"[1, 750, 990, 991]",24 116 162 70
623,"[1, 737, 938, 960]",24 116 162 70
624,"[1, 855, 947, 993]",24 116 162 70
625,"[1, 956, 977, 993]",24 116 162 70
626,"[1, 370, 985, 987]",24 115 160 69
627,"[1, 502, 997, 998]",24 115 160 69
628,"[1, 898, 994, 1000]",24 116 162 70
629,"[1, 221, 679, 923]",24 116 162 70
630,"[1, 176, 752, 900]",24 116 162 70
631,"[1, 941, 987, 991]",24 116 162 70
632,"[1, 397, 512, 594]",24 116 162 70
633,"[1, 810, 936, 947]",24 116 162 70
634,"[1, 110, 908, 998]",24 116 162 70
635,"[1, 453, 774, 891]",24 116 162 70
636,"[1, 163, 642, 713]",24 116 162 70
637,"[1, 660, 873, 970]",24 116 162 70
638,"[1, 161, 441, 811]",24 116 162 70
639,"[1, 592, 692, 880]",24 116 162 70
640,"[1, 750, 940, 953]",24 116 162 70
641,"[1, 272, 991, 999]",24 115 160 69
642,"[1, 538, 718, 984]",24 116 162 70
643,"[1, 606, 865, 871]",24 116 162 70
644,"[1, 297, 450, 608]",24 116 162 70
645,"[1, 587, 669, 750]",24 116 162 70
646,"[1, 835, 842, 990]",24 116 162 70
647,"[1, 403, 687, 814]",24 116 162 70
648,"[1, 999, 1000, 638]",24 115 160 69
649,"[1, 768, 799, 908]",24 116 162 70
650,"[1, 295, 975, 988]",24 116 162 70
651,"[1, 634, 795, 811]",24 116 162 70
652,"[1, 68, 628, 657]",24 115 160 69
653,"[1, 445, 584, 970]",24 116 162 70
654,"[1, 849, 1000, 721]",24 116 162 70
655,"[1, 605, 640, 830]",24 116 162 70
656,"[1, 765, 792, 982]",24 116 162 70
657,"[1, 800, 946, 984]",24 116 162 70
658,"[1, 105, 461, 898]",24 116 162 70
659,"[1, 409, 855, 874]",24 116 162 70
660,"[1, 997, 1000, 580]",24 116 162 70
661,"[1, 803, 819, 830]",24 116 162 70
662,"[1, 824, 840, 841]",24 116 162 70
663,"[1, 200, 556, 749]",24 116 162 70
664,"[1, 208, 745, 869]",24 116 162 70
665,"[1, 578, 828, 983]",24 116 162 70
666,"[1, 287, 691, 961]",24 116 162 70
667,"[1, 21, 226, 363]",24 115 160 69
668,"[1, 860, 884, 916]",24 116 162 70
669,"[1, 838, 963, 967]",24 116 162 70
670,"[1, 161, 738, 761]",24 116 162 70
671,"[1, 47, 248, 999]",24 116 162 70
672,"[1, 756, 804, 944]",24 116 162 70
673,"[1, 712, 950, 951]",24 116 162 70
674,"[1, 914, 966, 991]",24 116 162 70
675,"[1, 602, 819, 974]",24 116 162 70
676,"[1, 445, 465, 468]",24 116 162 70
677,"[1, 687, 961, 994]",24 116 162 70
678,"[1, 556, 593, 762]",24 116 162 70
679,"[1, 888, 895, 904]",24 116 162 70
680,"[1, 687, 714, 918]",24 116 162 70
681,"[1, 677, 1000, 406]",24 116 162 70
682,"[1, 243, 371, 469]",24 116 162 70
683,"[1, 717, 959, 967]",24 116 162 70
684,"[1, 496, 1000, 265]",24 116 162 70
685,"[1, 743, 891, 957]",24 116 162 70
686,"[1, 265, 875, 879]",24 115 160 69
687,"[1, 36, 399, 474]",24 115 160 69
688,"[1, 441, 968, 998]",24 116 162 70
689,"[1, 569, 871, 966]",24 116 162 70
690,"[1, 701, 970, 988]",24 116 162 70
691,"[1, 437, 837, 885]",24 116 162 70
692,"[1, 886, 916, 970]",24 116 162 70
693,"[1, 232, 995, 1000]",24 115 160 69
694,"[1, 674, 677, 956]",24 116 162 70
695,"[1, 579, 806, 971]",24 116 162 70
696,"[1, 103, 917, 983]",24 115 160 69
697,"[1, 344, 687, 742]",24 116 162 70
698,"[1, 961, 967, 998]",24 116 162 70
699,"[1, 40, 246, 382]",24 116 162 70
700,"[1, 842, 940, 990]",24 116 162 70
701,"[1, 392, 871, 908]",24 116 162 70
702,"[1, 224, 574, 912]",24 116 162 70
703,"[1, 750, 937, 990]",24 116 162 70
704,"[1, 177, 921, 991]",24 116 162 70
705,"[1, 780, 827, 984]",24 116 162 70
706,"[1, 403, 903, 929]",24 116 162 70
707,"[1, 74, 168, 501]",24 116 162 70
708,"[1, 767, 913, 972]",24 116 162 70
709,"[1, 395, 631, 850]",24 116 162 70
710,"[1, 445, 705, 755]",24 116 162 70
711,"[1, 585, 915, 937]",24 116 162 70
712,"[1, 976, 990, 997]",24 116 162 70
713,"[1, 337, 722, 998]",24 116 162 70
714,"[1, 89, 292, 450]",24 116 162 70
715,"[1, 469, 497, 919]",24 116 162 70
716,"[1, 243, 244, 576]",24 116 162 70
717,"[1, 129, 156, 542]",24 116 162 70
718,"[1, 526, 673, 887]",24 116 162 70
719,"[1, 878, 947, 998]",24 116 162 70
720,"[1, 208, 710, 909]",24 116 162 70
721,"[1, 59, 89, 456]",24 116 162 70
722,"[1, 243, 449, 933]",24 116 162 70
723,"[1, 870, 886, 922]",24 116 162 70
724,"[1, 978, 997, 1000]",24 116 162 70
725,"[1, 200, 705, 807]",24 116 162 70
726,"[1, 864, 989, 994]",24 116 162 70
727,"[1, 770, 797, 914]",24 116 162 70
728,"[1, 340, 601, 773]",24 116 162 70
729,"[1, 70, 507, 538]",24 115 160 69
730,"[1, 920, 922, 986]",24 116 162 70
731,"[1, 685, 814, 919]",24 116 162 70
732,"[1, 445, 495, 617]",24 116 162 70
733,"[1, 900, 972, 993]",24 116 162 70
734,"[1, 886, 975, 981]",24 116 162 70
735,"[1, 501, 605, 986]",24 116 162 70
736,"[1, 325, 743, 802]",24 116 162 70
737,"[1, 831, 941, 1000]",24 116 162 70
738,"[1, 868, 975, 995]",24 116 162 70
739,"[1, 565, 684, 838]",24 116 162 70
740,"[1, 725, 806, 983]",24 116 162 70
741,"[1, 215, 691, 727]",24 116 162 70
742,"[1, 179, 981, 999]",24 115 160 69
743,"[1, 625, 761, 901]",24 116 162 70
744,"[1, 438, 744, 821]",24 116 162 70
745,"[1, 820, 837, 978]",24 116 162 70
746,"[1, 411, 900, 948]",24 116 162 70
747,"[1, 853, 901, 930]",24 116 162 70
748,"[1, 494, 668, 707]",24 116 162 70
749,"[1, 198, 670, 899]",24 116 162 70
750,"[1, 213, 567, 872]",24 116 162 70
751,"[1, 582, 618, 821]",24 116 162 70
752,"[1, 753, 958, 964]",24 116 162 70
753,"[1, 245, 343, 779]",24 116 162 70
754,"[1, 8, 119, 557]",24 115 160 69
755,"[1, 882, 1000, 887]",24 116 162 70
756,"[1, 205, 884, 921]",24 116 162 70
757,"[1, 951, 963, 970]",24 116 162 70
758,"[1, 578, 668, 895]",24 116 162 70
759,"[1, 720, 957, 994]",24 116 162 70
760,"[1, 871, 959, 966]",24 116 162 70
761,"[1, 729, 821, 851]",24 116 162 70
762,"[1, 716, 984, 987]",24 116 162 70
763,"[1, 106, 360, 724]",24 116 162 70
764,"[1, 870, 990, 998]",24 116 162 70
765,"[1, 555, 884, 961]",24 116 162 70
766,"[1, 295, 567, 590]",24 116 162 70
767,"[1, 162, 317, 902]",24 116 162 70
768,"[1, 566, 775, 889]",24 116 162 70
769,"[1, 127, 163, 762]",24 116 162 70
770,"[1, 973, 977, 994]",24 116 162 70
771,"[1, 153, 729, 787]",24 116 162 70
772,"[1, 327, 636, 881]",24 116 162 70
773,"[1, 941, 943, 948]",24 116 162 70
774,"[1, 784, 958, 960]",24 116 162 70
775,"[1, 963, 998, 999]",24 116 162 70
776,"[1, 451, 880, 912]",24 116 162 70
777,"[1, 234, 366, 641]",24 116 162 70
778,"[1, 330, 424, 651]",24 116 162 70
779,"[1, 548, 910, 959]",24 116 162 70
780,"[1, 545, 742, 745]",24 116 162 70
781,"[1, 835, 940, 999]",24 116 162 70
782,"[1, 338, 492, 669]",24 116 162 70
783,"[1, 298, 440, 485]",24 116 162 70
784,"[1, 960, 982, 996]",24 116 162 70
785,"[1, 532, 560, 804]",24 116 162 70
786,"[1, 353, 525, 590]",24 116 162 70
787,"[1, 365, 847, 898]",24 116 162 70
788,"[1, 274, 389, 988]",24 116 162 70
789,"[1, 1000, 769, 804]",24 116 162 70
790,"[1, 139, 358, 562]",24 116 162 70
791,"[1, 62, 361, 705]",24 116 162 70
792,"[1, 845, 920, 992]",24 116 162 70
793,"[1, 641, 912, 992]",24 116 162 70
794,"[1, 893, 960, 968]",24 116 162 70
795,"[1, 652, 706, 897]",24 116 162 70
796,"[1, 325, 567, 813]",24 116 162 70
797,"[1, 827, 885, 959]",24 116 162 70
798,"[1, 245, 837, 966]",24 116 162 70
799,"[1, 971, 991, 994]",24 116 162 70
800,"[1, 356, 557, 939]",24 116 162 70
801,"[1, 873, 878, 910]",24 116 162 70
802,"[1, 882, 980, 989]",24 116 162 70
803,"[1, 656, 745, 851]",24 116 162 70
804,"[1, 923, 954, 972]",24 116 162 70
805,"[1, 110, 840, 932]",24 116 162 70
806,"[1, 93, 259, 353]",24 116 162 70
807,"[1, 809, 834, 936]",24 116 162 70
808,"[1, 868, 937, 939]",24 116 162 70
809,"[1, 932, 965, 995]",24 116 162 70
810,"[1, 540, 788, 892]",24 116 162 70
811,"[1, 644, 817, 958]",24 116 162 70
812,"[1, 721, 834, 956]",24 116 162 70
813,"[1, 4, 191, 429]",24 115 160 69
814,"[1, 702, 915, 989]",24 116 162 70
815,"[1, 864, 984, 997]",24 116 162 70
816,"[1, 188, 345, 461]",24 116 162 70
817,"[1, 945, 978, 991]",24 116 162 70
818,"[1, 954, 967, 997]",24 116 162 70
819,"[1, 384, 697, 777]",24 116 162 70
820,"[1, 594, 871, 882]",24 116 162 70
821,"[1, 940, 957, 999]",24 116 162 70
822,"[1, 266, 564, 870]",24 116 162 70
823,"[1, 339, 514, 813]",24 116 162 70
824,"[1, 56, 233, 896]",24 116 162 70
825,"[1, 263, 978, 993]",24 116 162 70
826,"[1, 809, 914, 971]",24 116 162 70
827,"[1, 202, 943, 967]",24 116 162 70
828,"[1, 129, 552, 595]",24 116 162 70
829,"[1, 401, 937, 979]",24 116 162 70
830,"[1, 783, 834, 958]",24 116 162 70
831,"[1, 144, 749, 776]",24 115 160 69
832,"[1, 925, 958, 969]",24 116 162 70
833,"[1, 894, 950, 995]",24 116 162 70
834,"[1, 210, 358, 503]",24 116 162 70
835,"[1, 339, 664, 965]",24 116 162 70
836,"[1, 297, 996, 178]",24 116 162 70
837,"[1, 937, 986, 991]",24 116 162 70
838,"[1, 630, 899, 937]",24 116 162 70
839,"[1, 900, 1000, 837]",24 116 162 70
840,"[1, 585, 840, 969]",24 116 162 70
841,"[1, 586, 610, 727]",24 116 162 70
842,"[1, 490, 627, 905]",24 116 162 70
843,"[1, 964, 987, 1000]",24 116 162 70
844,"[1, 423, 685, 978]",24 116 162 70
845,"[1, 986, 998, 281]",24 116 162 70
846,"[1, 932, 974, 982]",24 116 162 70
847,"[1, 489, 551, 884]",24 116 162 70
848,"[1, 408, 998, 1000]",24 115 160 69
849,"[1, 727, 960, 980]",24 116 162 70
850,"[1, 90, 762, 964]",24 116 162 70
851,"[1, 408, 733, 973]",24 116 162 70
852,"[1, 590, 975, 980]",24 116 162 70
853,"[1, 477, 725, 935]",24 116 162 70
854,"[1, 719, 950, 974]",24 116 162 70
855,"[1, 600, 813, 925]",24 116 162 70
856,"[1, 517, 798, 806]",24 116 162 70
857,"[1, 832, 874, 978]",24 116 162 70
858,"[1, 599, 893, 978]",24 116 162 70
859,"[1, 456, 634, 963]",24 116 162 70
860,"[1, 883, 932, 945]",24 116 162 70
861,"[1, 168, 250, 648]",24 116 162 70
862,"[1, 315, 649, 889]",24 116 162 70
863,"[1, 850, 905, 923]",24 116 162 70
864,"[1, 130, 549, 890]",24 116 162 70
865,"[1, 804, 967, 981]",24 116 162 70
866,"[1, 530, 998, 429]",24 116 162 70
867,"[1, 679, 751, 922]",24 116 162 70
868,"[1, 368, 802, 967]",24 116 162 70
869,"[1, 790, 798, 875]",24 116 162 70
870,"[1, 80, 165, 896]",24 116 162 70
871,"[1, 702, 950, 980]",24 116 162 70
872,"[1, 886, 901, 917]",24 116 162 70
873,"[1, 555, 642, 759]",24 116 162 70
874,"[1, 600, 862, 864]",24 116 162 70
875,"[1, 173, 311, 739]",24 116 162 70
876,"[1, 333, 567, 648]",24 116 162 70
877,"[1, 933, 84, 901]",24 115 160 69
878,"[1, 448, 602, 935]",24 116 162 70
879,"[1, 965, 993, 1000]",24 116 162 70
880,"[1, 621, 832, 968]",24 116 162 70
881,"[1, 112, 443, 922]",24 116 162 70
882,"[1, 270, 788, 918]",24 116 162 70
883,"[1, 782, 869, 887]",24 116 162 70
884,"[1, 917, 991, 998]",24 116 162 70
885,"[1, 938, 989, 996]",24 116 162 70
886,"[1, 898, 987, 993]",24 116 162 70
887,"[1, 624, 680, 765]",24 116 162 70
888,"[1, 549, 918, 966]",24 116 162 70
889,"[1, 462, 794, 864]",24 116 162 70
890,"[1, 630, 904, 968]",24 116 162 70
891,"[1, 117, 561, 754]",24 116 162 70
892,"[1, 669, 812, 996]",24 116 162 70
893,"[1, 746, 852, 915]",24 116 162 70
894,"[1, 982, 984, 999]",24 116 162 70
895,"[1, 168, 451, 564]",24 116 162 70
896,"[1, 432, 706, 893]",24 116 162 70
897,"[1, 771, 794, 970]",24 116 162 70
898,"[1, 591, 625, 840]",24 116 162 70
899,"[1, 191, 413, 786]",24 116 162 70
900,"[1, 175, 547, 767]",24 116 162 70
901,"[1, 994, 996, 998]",24 116 162 70
902,"[1, 283, 973, 996]",24 116 162 70
903,"[1, 164, 343, 754]",24 116 162 70
904,"[1, 481, 978, 997]",24 116 162 70
905,"[1, 862, 920, 964]",24 116 162 70
906,"[1, 351, 765, 804]",24 116 162 70
907,"[1, 926, 985, 988]",24 116 162 70
908,"[1, 687, 852, 918]",24 116 162 70
909,"[1, 372, 915, 990]",24 116 162 70
910,"[1, 868, 909, 965]",24 116 162 70
911,"[1, 336, 356, 373]",24 116 162 70
912,"[1, 420, 873, 989]",24 116 162 70
913,"[1, 691, 782, 951]",24 116 162 70
914,"[1, 451, 861, 870]",24 116 162 70
915,"[1, 83, 529, 655]",24 116 162 70
916,"[1, 127, 890, 961]",24 116 162 70
917,"[1, 609, 980, 995]",24 116 162 70
918,"[1, 5, 683, 937]",24 115 160 69
919,"[1, 456, 997, 1000]",24 115 160 69
920,"[1, 574, 895, 970]",24 116 162 70
921,"[1, 96, 581, 786]",24 116 162 70
922,"[1, 513, 572, 827]",24 116 162 70
923,"[1, 908, 950, 979]",24 116 162 70
924,"[1, 602, 864, 965]",24 116 162 70
925,"[1, 753, 838, 917]",24 116 162 70
926,"[1, 429, 775, 781]",24 116 162 70
927,"[1, 504, 885, 905]",24 116 162 70
928,"[1, 447, 548, 633]",24 116 162 70
929,"[1, 347, 549, 662]",24 116 162 70
930,"[1, 913, 915, 934]",24 116 162 70
931,"[1, 264, 428, 842]",24 116 162 70
932,"[1, 900, 925, 949]",24 116 162 70
933,"[1, 961, 993, 995]",24 116 162 70
934,"[1, 217, 982, 989]",24 115 160 69
935,"[1, 340, 622, 895]",24 116 162 70
936,"[1, 460, 968, 982]",24 116 162 70
937,"[1, 382, 883, 957]",24 116 162 70
938,"[1, 201, 996, 949]",24 116 162 70
939,"[1, 370, 904, 945]",24 116 162 70
940,"[1, 531, 765, 873]",24 116 162 70
941,"[1, 572, 633, 747]",24 116 162 70
942,"[1, 414, 853, 996]",24 116 162 70
943,"[1, 33, 588, 784]",24 115 160 69
944,"[1, 445, 855, 942]",24 116 162 70
945,"[1, 830, 912, 991]",24 116 162 70
946,"[1, 839, 900, 920]",24 116 162 70
947,"[1, 920, 950, 979]",24 116 162 70
948,"[1, 674, 843, 899]",24 116 162 70
949,"[1, 149, 916, 923]",24 115 160 69
950,"[1, 43, 361, 411]",24 115 160 69
951,"[1, 628, 660, 835]",24 116 162 70
952,"[1, 992, 1000, 666]",24 116 162 70
953,"[1, 496, 801, 861]",24 116 162 70
954,"[1, 306, 457, 665]",24 116 162 70
955,"[1, 103, 783, 858]",24 116 162 70
956,"[1, 729, 824, 924]",24 116 162 70
957,"[1, 220, 953, 979]",24 116 162 70
958,"[1, 705, 932, 967]",24 116 162 70
959,"[1, 993, 998, 999]",24 116 162 70
960,"[1, 190, 718, 797]",24 116 162 70
961,"[1, 684, 936, 941]",24 116 162 70
962,"[1, 869, 915, 918]",24 116 162 70
963,"[1, 432, 460, 649]",24 116 162 70
964,"[1, 989, 997, 1000]",24 116 162 70
965,"[1, 135, 798, 861]",24 116 162 70
966,"[1, 81, 338, 403]",24 116 162 70
967,"[1, 662, 880, 914]",24 116 162 70
968,"[1, 689, 847, 940]",24 116 162 70
969,"[1, 488, 728, 770]",24 116 162 70
970,"[1, 208, 873, 933]",24 116 162 70
971,"[1, 651, 785, 957]",24 116 162 70
972,"[1, 570, 629, 952]",24 116 162 70
973,"[1, 560, 636, 953]",24 116 162 70
974,"[1, 480, 634, 966]",24 116 162 70
975,"[1, 121, 609, 708]",24 116 162 70
976,"[1, 949, 983, 992]",24 116 162 70
977,"[1, 882, 955, 974]",24 116 162 70
978,"[1, 511, 784, 790]",24 116 162 70
979,"[1, 436, 818, 927]",24 116 162 70
980,"[1, 320, 554, 883]",24 116 162 70
981,"[1, 850, 852, 890]",24 116 162 70
982,"[1, 927, 954, 975]",24 116 162 70
983,"[1, 580, 719, 867]",24 116 162 70
984,"[1, 79, 233, 534]",24 116 162 70
985,"[1, 46, 869, 910]",24 115 160 69
986,"[1, 432, 521, 744]",24 116 162 70
987,"[1, 52, 907, 973]",24 115 160 69
988,"[1, 961, 984, 991]",24 116 162 70
989,"[1, 130, 644, 709]",24 116 162 70
990,"[1, 243, 404, 583]",24 116 162 70
991,"[1, 161, 411, 988]",24 116 162 70
992,"[1, 399, 838, 845]",24 116 162 70
993,"[1, 280, 391, 451]",24 116 162 70
994,"[1, 285, 382, 395]",24 116 162 70
995,"[1, 508, 673, 919]",24 116 162 70
996,"[1, 14, 46, 767]",24 116 162 70
997,"[1, 385, 454, 871]",24 116 162 70
998,"[1, 822, 891, 978]",24 116 162 70
999,"[1, 917, 955, 970]",24 116 162 70
