,vertice,f_vector
0,"[8, 61, 57, 2]",24 114 158 68
1,"[94, 58, 30, 27]",24 114 158 68
2,"[20, 26, 99, 81]",24 114 158 68
3,"[58, 62, 68, 37]",24 115 160 69
4,"[48, 95, 43, 71]",24 114 158 68
5,"[93, 54, 42, 99]",24 114 158 68
6,"[21, 91, 93, 12]",24 114 158 68
7,"[19, 12, 3, 77]",24 116 162 70
8,"[80, 27, 62, 49]",24 115 160 69
9,"[94, 61, 38, 24]",24 115 160 69
10,"[23, 57, 74, 79]",24 114 158 68
11,"[90, 38, 24, 53]",24 115 160 69
12,"[64, 78, 46, 39]",24 114 158 68
13,"[81, 92, 57, 54]",24 114 158 68
14,"[62, 90, 14, 84]",24 115 160 69
15,"[45, 78, 35, 49]",24 115 160 69
16,"[88, 19, 80, 76]",24 116 162 70
17,"[59, 36, 98, 57]",24 116 162 70
18,"[7, 75, 1, 22]",24 116 162 70
19,"[92, 95, 36, 13]",24 114 158 68
20,"[32, 85, 64, 20]",24 114 158 68
21,"[2, 23, 62, 25]",24 116 162 70
22,"[97, 54, 50, 45]",24 115 160 69
23,"[29, 5, 86, 67]",24 115 160 69
24,"[33, 28, 36, 31]",24 114 158 68
25,"[74, 36, 79, 65]",24 114 158 68
26,"[23, 100, 61, 45]",24 115 160 69
27,"[89, 37, 46, 9]",24 116 162 70
28,"[53, 98, 18, 70]",24 116 162 70
29,"[74, 6, 92, 7]",24 114 158 68
30,"[88, 100, 25, 20]",24 114 158 68
31,"[1, 89, 51, 74]",24 116 162 70
32,"[5, 54, 28, 60]",24 115 160 69
33,"[29, 77, 39, 11]",24 116 162 70
34,"[50, 43, 82, 23]",24 116 162 70
35,"[66, 23, 91, 50]",24 115 160 69
36,"[70, 96, 33, 46]",24 114 158 68
37,"[58, 56, 59, 82]",24 115 160 69
38,"[7, 60, 36, 38]",24 116 162 70
39,"[13, 79, 51, 27]",24 115 160 69
40,"[18, 86, 59, 52]",24 116 162 70
41,"[35, 46, 18, 83]",24 115 160 69
42,"[32, 88, 4, 94]",24 115 160 69
43,"[49, 73, 48, 56]",24 114 158 68
44,"[99, 42, 81, 59]",24 114 158 68
45,"[73, 80, 70, 74]",24 114 158 68
46,"[95, 12, 59, 2]",24 115 160 69
47,"[91, 47, 18, 41]",24 116 162 70
48,"[78, 40, 7, 1]",24 115 160 69
49,"[66, 31, 25, 22]",24 115 160 69
50,"[52, 89, 86, 61]",24 114 158 68
51,"[97, 78, 62, 46]",24 114 158 68
52,"[43, 58, 56, 25]",24 114 158 68
53,"[91, 5, 68, 37]",24 116 162 70
54,"[46, 45, 43, 36]",24 114 158 68
55,"[58, 12, 29, 95]",24 115 160 69
56,"[6, 66, 38, 62]",24 115 160 69
57,"[46, 71, 37, 24]",24 115 160 69
58,"[11, 46, 15, 38]",24 114 158 68
59,"[25, 99, 30, 74]",24 114 158 68
60,"[57, 97, 91, 38]",24 114 158 68
61,"[21, 22, 70, 56]",24 114 158 68
62,"[6, 84, 21, 52]",24 115 160 69
63,"[30, 19, 52, 62]",24 114 158 68
64,"[71, 98, 81, 7]",24 116 162 70
65,"[91, 83, 21, 82]",24 116 162 70
66,"[10, 17, 30, 38]",24 114 158 68
67,"[62, 47, 52, 28]",24 115 160 69
68,"[64, 70, 67, 58]",24 114 158 68
69,"[93, 36, 19, 30]",24 116 162 70
70,"[94, 25, 65, 24]",24 114 158 68
71,"[36, 2, 74, 68]",24 116 162 70
72,"[99, 93, 19, 78]",24 115 160 69
73,"[78, 73, 80, 19]",24 115 160 69
74,"[93, 87, 57, 43]",24 114 158 68
75,"[81, 49, 65, 77]",24 114 158 68
76,"[33, 72, 29, 4]",24 116 162 70
77,"[33, 23, 69, 29]",24 115 160 69
78,"[96, 62, 26, 64]",24 116 162 70
79,"[16, 7, 11, 86]",24 115 160 69
80,"[30, 14, 93, 27]",24 116 162 70
81,"[50, 74, 21, 20]",24 114 158 68
82,"[97, 78, 60, 25]",24 115 160 69
83,"[100, 18, 82, 53]",24 115 160 69
84,"[82, 83, 80, 9]",24 116 162 70
85,"[45, 20, 56, 60]",24 114 158 68
86,"[86, 96, 84, 49]",24 116 162 70
87,"[40, 7, 11, 55]",24 114 158 68
88,"[61, 96, 7, 45]",24 116 162 70
89,"[53, 82, 100, 27]",24 115 160 69
90,"[56, 44, 1, 67]",24 116 162 70
91,"[55, 51, 5, 57]",24 116 162 70
92,"[37, 22, 73, 65]",24 114 158 68
93,"[49, 38, 9, 33]",24 116 162 70
94,"[48, 31, 21, 99]",24 115 160 69
95,"[34, 25, 77, 54]",24 114 158 68
96,"[57, 40, 34, 67]",24 114 158 68
97,"[6, 90, 2, 24]",24 115 160 69
98,"[14, 29, 54, 68]",24 115 160 69
99,"[97, 60, 80, 89]",24 114 158 68
100,"[19, 31, 89, 94]",24 114 158 68
101,"[68, 80, 24, 69]",24 116 162 70
102,"[18, 60, 53, 44]",24 115 160 69
103,"[79, 56, 9, 66]",24 116 162 70
104,"[100, 8, 16, 99]",24 114 158 68
105,"[3, 85, 15, 72]",24 115 160 69
106,"[86, 9, 91, 88]",24 116 162 70
107,"[49, 13, 35, 73]",24 115 160 69
108,"[43, 48, 56, 20]",24 115 160 69
109,"[9, 18, 24, 72]",24 116 162 70
110,"[69, 12, 4, 22]",24 116 162 70
111,"[70, 9, 76, 1]",24 115 160 69
112,"[15, 85, 19, 16]",24 115 160 69
113,"[58, 53, 99, 47]",24 115 160 69
114,"[53, 11, 79, 15]",24 114 158 68
115,"[89, 40, 24, 99]",24 114 158 68
116,"[26, 51, 7, 6]",24 114 158 68
117,"[3, 88, 20, 78]",24 115 160 69
118,"[20, 82, 39, 60]",24 115 160 69
119,"[97, 25, 45, 8]",24 116 162 70
120,"[99, 56, 23, 79]",24 115 160 69
121,"[17, 72, 51, 92]",24 115 160 69
122,"[89, 60, 76, 54]",24 114 158 68
123,"[72, 46, 77, 89]",24 115 160 69
124,"[86, 81, 2, 34]",24 115 160 69
125,"[59, 93, 14, 36]",24 115 160 69
126,"[65, 15, 87, 34]",24 115 160 69
127,"[46, 18, 27, 100]",24 115 160 69
128,"[79, 68, 66, 86]",24 114 158 68
129,"[71, 33, 55, 45]",24 115 160 69
130,"[85, 73, 98, 12]",24 116 162 70
131,"[58, 59, 36, 32]",24 114 158 68
132,"[82, 90, 61, 25]",24 115 160 69
133,"[30, 92, 84, 72]",24 115 160 69
134,"[95, 12, 69, 3]",24 115 160 69
135,"[78, 36, 70, 6]",24 115 160 69
136,"[90, 23, 32, 5]",24 116 162 70
137,"[17, 21, 13, 81]",24 115 160 69
138,"[53, 12, 3, 51]",24 114 158 68
139,"[81, 53, 67, 62]",24 114 158 68
140,"[57, 40, 11, 65]",24 115 160 69
141,"[34, 49, 42, 38]",24 114 158 68
142,"[30, 17, 81, 65]",24 114 158 68
143,"[100, 9, 15, 43]",24 115 160 69
144,"[5, 45, 15, 82]",24 115 160 69
145,"[60, 4, 2, 18]",24 115 160 69
146,"[28, 5, 93, 58]",24 116 162 70
147,"[3, 4, 29, 91]",24 115 160 69
148,"[38, 51, 24, 63]",24 114 158 68
149,"[2, 82, 4, 25]",24 115 160 69
150,"[13, 55, 67, 75]",24 115 160 69
151,"[10, 71, 14, 88]",24 114 158 68
152,"[45, 54, 35, 8]",24 116 162 70
153,"[36, 93, 4, 5]",24 115 160 69
154,"[63, 45, 35, 52]",24 114 158 68
155,"[67, 5, 31, 90]",24 115 160 69
156,"[74, 10, 42, 22]",24 115 160 69
157,"[54, 29, 63, 53]",24 116 162 70
158,"[17, 34, 45, 11]",24 114 158 68
159,"[58, 47, 38, 48]",24 116 162 70
160,"[29, 38, 28, 10]",24 116 162 70
161,"[11, 92, 42, 50]",24 116 162 70
162,"[94, 68, 23, 61]",24 116 162 70
163,"[93, 36, 96, 75]",24 114 158 68
164,"[60, 83, 43, 30]",24 115 160 69
165,"[95, 22, 83, 67]",24 115 160 69
166,"[93, 87, 8, 70]",24 116 162 70
167,"[36, 79, 86, 61]",24 114 158 68
168,"[35, 12, 30, 93]",24 116 162 70
169,"[57, 73, 53, 12]",24 116 162 70
170,"[79, 28, 15, 27]",24 116 162 70
171,"[44, 82, 25, 11]",24 115 160 69
172,"[99, 6, 59, 43]",24 116 162 70
173,"[38, 85, 71, 55]",24 114 158 68
174,"[40, 96, 64, 93]",24 114 158 68
175,"[13, 35, 83, 71]",24 115 160 69
176,"[5, 16, 30, 51]",24 115 160 69
177,"[21, 19, 91, 39]",24 114 158 68
178,"[8, 44, 9, 31]",24 114 158 68
179,"[14, 92, 7, 25]",24 115 160 69
180,"[1, 7, 50, 85]",24 115 160 69
181,"[3, 68, 59, 45]",24 116 162 70
182,"[37, 49, 28, 12]",24 115 160 69
183,"[30, 99, 46, 80]",24 114 158 68
184,"[96, 12, 16, 84]",24 114 158 68
185,"[52, 99, 2, 14]",24 115 160 69
186,"[75, 12, 100, 24]",24 115 160 69
187,"[48, 20, 34, 54]",24 114 158 68
188,"[95, 36, 19, 84]",24 114 158 68
189,"[49, 41, 81, 48]",24 116 162 70
190,"[95, 50, 57, 11]",24 116 162 70
191,"[58, 12, 91, 2]",24 115 160 69
192,"[7, 34, 89, 15]",24 115 160 69
193,"[98, 59, 97, 80]",24 114 158 68
194,"[54, 15, 3, 21]",24 116 162 70
195,"[66, 43, 23, 37]",24 115 160 69
196,"[93, 61, 26, 32]",24 114 158 68
197,"[58, 75, 55, 74]",24 114 158 68
198,"[39, 3, 46, 83]",24 116 162 70
199,"[38, 39, 63, 58]",24 114 158 68
200,"[48, 63, 36, 51]",24 115 160 69
201,"[18, 10, 35, 17]",24 116 162 70
202,"[26, 10, 87, 22]",24 116 162 70
203,"[84, 16, 33, 64]",24 115 160 69
204,"[20, 64, 26, 76]",24 114 158 68
205,"[3, 14, 96, 40]",24 116 162 70
206,"[60, 83, 70, 92]",24 114 158 68
207,"[49, 84, 73, 98]",24 115 160 69
208,"[8, 18, 86, 7]",24 115 160 69
209,"[66, 70, 31, 82]",24 116 162 70
210,"[39, 46, 5, 60]",24 116 162 70
211,"[78, 42, 16, 77]",24 114 158 68
212,"[95, 61, 4, 72]",24 116 162 70
213,"[5, 32, 49, 36]",24 116 162 70
214,"[61, 10, 99, 52]",24 116 162 70
215,"[3, 25, 97, 49]",24 116 162 70
216,"[23, 80, 47, 55]",24 116 162 70
217,"[78, 40, 48, 85]",24 114 158 68
218,"[55, 1, 78, 38]",24 116 162 70
219,"[1, 31, 58, 47]",24 116 162 70
220,"[31, 46, 100, 76]",24 114 158 68
221,"[99, 47, 24, 48]",24 116 162 70
222,"[57, 61, 16, 31]",24 114 158 68
223,"[50, 20, 17, 80]",24 114 158 68
224,"[97, 12, 27, 57]",24 115 160 69
225,"[19, 22, 8, 38]",24 116 162 70
226,"[70, 53, 14, 82]",24 115 160 69
227,"[32, 6, 44, 95]",24 116 162 70
228,"[68, 53, 4, 28]",24 116 162 70
229,"[47, 13, 96, 62]",24 116 162 70
230,"[67, 37, 32, 53]",24 114 158 68
231,"[81, 56, 28, 36]",24 114 158 68
232,"[60, 57, 65, 66]",24 114 158 68
233,"[65, 53, 41, 85]",24 114 158 68
234,"[97, 71, 24, 67]",24 116 162 70
235,"[96, 9, 24, 44]",24 115 160 69
236,"[32, 37, 21, 5]",24 115 160 69
237,"[66, 95, 91, 43]",24 114 158 68
238,"[42, 72, 99, 78]",24 116 162 70
239,"[28, 100, 13, 45]",24 115 160 69
240,"[30, 64, 69, 52]",24 114 158 68
241,"[5, 45, 51, 3]",24 114 158 68
242,"[74, 12, 17, 68]",24 114 158 68
243,"[12, 30, 36, 99]",24 116 162 70
244,"[18, 33, 77, 87]",24 114 158 68
245,"[31, 3, 16, 80]",24 116 162 70
246,"[52, 57, 60, 46]",24 114 158 68
247,"[36, 70, 95, 74]",24 116 162 70
248,"[95, 34, 57, 4]",24 116 162 70
249,"[29, 12, 93, 46]",24 115 160 69
250,"[35, 60, 72, 5]",24 115 160 69
251,"[37, 65, 73, 40]",24 114 158 68
252,"[83, 81, 36, 74]",24 114 158 68
253,"[13, 63, 31, 55]",24 114 158 68
254,"[98, 14, 27, 2]",24 116 162 70
255,"[63, 2, 99, 5]",24 115 160 69
256,"[48, 37, 87, 39]",24 114 158 68
257,"[72, 41, 68, 13]",24 114 158 68
258,"[46, 8, 43, 5]",24 114 158 68
259,"[3, 36, 82, 13]",24 115 160 69
260,"[57, 30, 93, 27]",24 114 158 68
261,"[39, 59, 13, 29]",24 115 160 69
262,"[84, 79, 80, 40]",24 116 162 70
263,"[2, 67, 26, 6]",24 115 160 69
264,"[60, 46, 26, 54]",24 115 160 69
265,"[11, 40, 52, 37]",24 116 162 70
266,"[35, 40, 87, 22]",24 116 162 70
267,"[9, 42, 11, 73]",24 114 158 68
268,"[81, 29, 12, 64]",24 115 160 69
269,"[33, 54, 58, 23]",24 114 158 68
270,"[10, 97, 68, 78]",24 116 162 70
271,"[48, 68, 38, 74]",24 114 158 68
272,"[16, 32, 40, 3]",24 115 160 69
273,"[93, 18, 9, 20]",24 116 162 70
274,"[28, 70, 64, 13]",24 114 158 68
275,"[17, 6, 1, 42]",24 116 162 70
276,"[2, 80, 99, 11]",24 115 160 69
277,"[57, 83, 87, 91]",24 114 158 68
278,"[17, 25, 95, 44]",24 115 160 69
279,"[5, 94, 54, 60]",24 116 162 70
280,"[27, 79, 25, 28]",24 116 162 70
281,"[34, 17, 58, 82]",24 115 160 69
282,"[69, 39, 34, 5]",24 116 162 70
283,"[64, 90, 44, 89]",24 114 158 68
284,"[49, 39, 91, 34]",24 115 160 69
285,"[28, 47, 78, 49]",24 116 162 70
286,"[73, 82, 74, 36]",24 116 162 70
287,"[12, 88, 45, 99]",24 115 160 69
288,"[84, 9, 79, 30]",24 114 158 68
289,"[75, 100, 33, 35]",24 114 158 68
290,"[40, 42, 13, 66]",24 116 162 70
291,"[26, 16, 70, 68]",24 114 158 68
292,"[96, 50, 83, 60]",24 114 158 68
293,"[54, 53, 23, 50]",24 114 158 68
294,"[82, 7, 91, 100]",24 116 162 70
295,"[20, 84, 70, 57]",24 115 160 69
296,"[85, 91, 88, 40]",24 115 160 69
297,"[36, 4, 9, 25]",24 115 160 69
298,"[51, 15, 32, 38]",24 115 160 69
299,"[37, 78, 69, 73]",24 115 160 69
300,"[57, 47, 20, 30]",24 114 158 68
301,"[2, 50, 73, 90]",24 116 162 70
302,"[41, 97, 96, 3]",24 114 158 68
303,"[93, 10, 36, 90]",24 114 158 68
304,"[74, 32, 23, 64]",24 114 158 68
305,"[52, 38, 79, 30]",24 115 160 69
306,"[59, 57, 8, 19]",24 114 158 68
307,"[75, 15, 71, 53]",24 115 160 69
308,"[80, 38, 8, 19]",24 115 160 69
309,"[80, 68, 44, 25]",24 114 158 68
310,"[23, 54, 34, 16]",24 115 160 69
311,"[99, 66, 65, 74]",24 114 158 68
312,"[63, 17, 71, 66]",24 116 162 70
313,"[96, 55, 1, 61]",24 116 162 70
314,"[89, 50, 15, 98]",24 115 160 69
315,"[15, 69, 33, 32]",24 116 162 70
316,"[11, 65, 45, 84]",24 116 162 70
317,"[98, 76, 93, 89]",24 114 158 68
318,"[39, 97, 65, 6]",24 116 162 70
319,"[53, 68, 38, 18]",24 115 160 69
320,"[46, 2, 47, 1]",24 114 158 68
321,"[20, 45, 25, 53]",24 114 158 68
322,"[39, 9, 60, 13]",24 114 158 68
323,"[24, 2, 93, 7]",24 115 160 69
324,"[23, 2, 73, 81]",24 115 160 69
325,"[95, 99, 25, 82]",24 115 160 69
326,"[89, 88, 82, 98]",24 115 160 69
327,"[3, 7, 16, 50]",24 115 160 69
328,"[37, 83, 26, 73]",24 114 158 68
329,"[17, 30, 74, 11]",24 115 160 69
330,"[92, 84, 39, 2]",24 115 160 69
331,"[31, 46, 52, 26]",24 114 158 68
332,"[7, 27, 75, 66]",24 115 160 69
333,"[88, 55, 61, 68]",24 114 158 68
334,"[37, 69, 48, 72]",24 114 158 68
335,"[91, 72, 54, 9]",24 116 162 70
336,"[99, 37, 33, 52]",24 114 158 68
337,"[85, 32, 38, 13]",24 116 162 70
338,"[32, 81, 80, 73]",24 114 158 68
339,"[98, 61, 81, 53]",24 114 158 68
340,"[94, 51, 87, 16]",24 114 158 68
341,"[86, 39, 81, 92]",24 115 160 69
342,"[73, 60, 50, 5]",24 116 162 70
343,"[98, 78, 35, 57]",24 115 160 69
344,"[87, 83, 63, 74]",24 114 158 68
345,"[66, 57, 13, 18]",24 114 158 68
346,"[16, 88, 35, 14]",24 115 160 69
347,"[66, 50, 38, 96]",24 115 160 69
348,"[86, 54, 73, 48]",24 114 158 68
349,"[50, 71, 25, 45]",24 116 162 70
350,"[88, 53, 44, 60]",24 115 160 69
351,"[78, 21, 92, 13]",24 114 158 68
352,"[80, 58, 61, 11]",24 116 162 70
353,"[29, 32, 3, 37]",24 116 162 70
354,"[89, 71, 44, 42]",24 114 158 68
355,"[34, 49, 51, 20]",24 114 158 68
356,"[40, 49, 33, 1]",24 116 162 70
357,"[69, 3, 72, 40]",24 115 160 69
358,"[80, 11, 45, 87]",24 115 160 69
359,"[86, 33, 10, 95]",24 114 158 68
360,"[71, 66, 38, 60]",24 114 158 68
361,"[11, 22, 13, 90]",24 115 160 69
362,"[72, 14, 50, 99]",24 116 162 70
363,"[86, 10, 40, 70]",24 115 160 69
364,"[8, 2, 21, 87]",24 116 162 70
365,"[37, 80, 20, 78]",24 114 158 68
366,"[67, 80, 91, 88]",24 114 158 68
367,"[90, 26, 17, 12]",24 115 160 69
368,"[93, 18, 82, 84]",24 116 162 70
369,"[18, 28, 55, 71]",24 114 158 68
370,"[87, 74, 58, 22]",24 115 160 69
371,"[77, 80, 37, 16]",24 114 158 68
372,"[81, 4, 22, 98]",24 115 160 69
373,"[88, 66, 20, 80]",24 115 160 69
374,"[71, 53, 82, 51]",24 114 158 68
375,"[9, 49, 77, 71]",24 115 160 69
376,"[91, 90, 58, 19]",24 114 158 68
377,"[51, 22, 55, 95]",24 116 162 70
378,"[82, 70, 36, 3]",24 116 162 70
379,"[92, 3, 55, 70]",24 116 162 70
380,"[36, 21, 23, 65]",24 114 158 68
381,"[37, 34, 9, 75]",24 116 162 70
382,"[90, 88, 24, 100]",24 116 162 70
383,"[29, 24, 3, 93]",24 116 162 70
384,"[85, 58, 41, 38]",24 114 158 68
385,"[10, 28, 29, 88]",24 116 162 70
386,"[21, 58, 19, 34]",24 114 158 68
387,"[65, 18, 41, 8]",24 115 160 69
388,"[9, 63, 66, 98]",24 116 162 70
389,"[50, 19, 54, 58]",24 115 160 69
390,"[41, 60, 76, 86]",24 114 158 68
391,"[32, 81, 52, 72]",24 114 158 68
392,"[67, 89, 20, 45]",24 115 160 69
393,"[75, 14, 56, 39]",24 115 160 69
394,"[87, 84, 63, 7]",24 115 160 69
395,"[73, 48, 22, 37]",24 115 160 69
396,"[56, 36, 25, 49]",24 114 158 68
397,"[81, 60, 82, 5]",24 115 160 69
398,"[58, 100, 1, 94]",24 116 162 70
399,"[56, 80, 19, 66]",24 116 162 70
400,"[55, 37, 24, 54]",24 114 158 68
401,"[29, 50, 81, 4]",24 116 162 70
402,"[32, 59, 76, 7]",24 115 160 69
403,"[38, 83, 29, 56]",24 114 158 68
404,"[78, 100, 8, 96]",24 115 160 69
405,"[35, 18, 75, 31]",24 116 162 70
406,"[52, 78, 10, 65]",24 116 162 70
407,"[46, 93, 26, 39]",24 115 160 69
408,"[34, 16, 49, 62]",24 115 160 69
409,"[41, 4, 22, 51]",24 115 160 69
410,"[7, 43, 74, 20]",24 115 160 69
411,"[70, 35, 48, 77]",24 114 158 68
412,"[28, 84, 9, 94]",24 114 158 68
413,"[47, 48, 19, 92]",24 116 162 70
414,"[34, 77, 36, 65]",24 114 158 68
415,"[1, 45, 71, 85]",24 116 162 70
416,"[92, 37, 55, 54]",24 116 162 70
417,"[4, 84, 28, 1]",24 115 160 69
418,"[42, 41, 61, 72]",24 114 158 68
419,"[4, 35, 8, 99]",24 115 160 69
420,"[11, 60, 56, 48]",24 115 160 69
421,"[5, 14, 43, 75]",24 115 160 69
422,"[20, 9, 86, 41]",24 115 160 69
423,"[100, 61, 49, 79]",24 114 158 68
424,"[91, 55, 48, 74]",24 114 158 68
425,"[24, 69, 95, 86]",24 115 160 69
426,"[38, 84, 8, 36]",24 116 162 70
427,"[99, 55, 96, 60]",24 114 158 68
428,"[74, 72, 84, 1]",24 116 162 70
429,"[33, 87, 32, 59]",24 114 158 68
430,"[72, 23, 1, 82]",24 115 160 69
431,"[72, 38, 85, 32]",24 114 158 68
432,"[52, 65, 45, 62]",24 114 158 68
433,"[87, 82, 28, 76]",24 115 160 69
434,"[87, 34, 42, 55]",24 115 160 69
435,"[32, 40, 56, 53]",24 114 158 68
436,"[34, 13, 8, 50]",24 115 160 69
437,"[21, 96, 95, 67]",24 114 158 68
438,"[94, 83, 82, 97]",24 114 158 68
439,"[70, 9, 83, 63]",24 116 162 70
440,"[28, 50, 22, 67]",24 114 158 68
441,"[32, 78, 10, 43]",24 116 162 70
442,"[40, 63, 62, 30]",24 114 158 68
443,"[87, 12, 26, 31]",24 116 162 70
444,"[8, 76, 71, 35]",24 114 158 68
445,"[81, 18, 19, 41]",24 114 158 68
446,"[34, 78, 43, 18]",24 116 162 70
447,"[93, 10, 52, 76]",24 116 162 70
448,"[17, 86, 33, 57]",24 115 160 69
449,"[31, 36, 17, 70]",24 116 162 70
450,"[50, 82, 92, 21]",24 114 158 68
451,"[26, 62, 54, 48]",24 115 160 69
452,"[35, 77, 73, 81]",24 115 160 69
453,"[80, 42, 84, 72]",24 114 158 68
454,"[84, 43, 64, 78]",24 114 158 68
455,"[78, 60, 13, 32]",24 115 160 69
456,"[97, 2, 27, 60]",24 116 162 70
457,"[51, 8, 83, 44]",24 116 162 70
458,"[39, 66, 25, 11]",24 115 160 69
459,"[78, 35, 62, 55]",24 115 160 69
460,"[68, 65, 56, 2]",24 116 162 70
461,"[65, 52, 41, 30]",24 114 158 68
462,"[94, 18, 84, 47]",24 114 158 68
463,"[78, 50, 74, 47]",24 114 158 68
464,"[67, 14, 95, 4]",24 115 160 69
465,"[97, 39, 81, 29]",24 114 158 68
466,"[28, 34, 16, 79]",24 116 162 70
467,"[87, 49, 21, 55]",24 116 162 70
468,"[54, 5, 59, 79]",24 116 162 70
469,"[46, 37, 78, 38]",24 114 158 68
470,"[84, 82, 21, 80]",24 116 162 70
471,"[100, 13, 84, 47]",24 115 160 69
472,"[22, 96, 34, 69]",24 114 158 68
473,"[19, 57, 47, 6]",24 115 160 69
474,"[58, 36, 43, 82]",24 114 158 68
475,"[7, 95, 31, 76]",24 115 160 69
476,"[26, 76, 8, 13]",24 115 160 69
477,"[93, 25, 21, 78]",24 114 158 68
478,"[45, 49, 88, 55]",24 114 158 68
479,"[18, 4, 51, 16]",24 116 162 70
480,"[40, 67, 20, 75]",24 114 158 68
481,"[40, 32, 34, 58]",24 114 158 68
482,"[51, 76, 74, 21]",24 114 158 68
483,"[55, 96, 99, 46]",24 114 158 68
484,"[80, 15, 51, 95]",24 115 160 69
485,"[62, 53, 97, 74]",24 114 158 68
486,"[13, 53, 83, 99]",24 115 160 69
487,"[97, 83, 57, 16]",24 115 160 69
488,"[68, 19, 79, 54]",24 115 160 69
489,"[81, 7, 28, 63]",24 115 160 69
490,"[11, 58, 50, 77]",24 116 162 70
491,"[86, 64, 67, 65]",24 114 158 68
492,"[56, 54, 75, 25]",24 116 162 70
493,"[77, 32, 79, 99]",24 116 162 70
494,"[87, 30, 59, 32]",24 114 158 68
495,"[59, 85, 95, 75]",24 114 158 68
496,"[62, 58, 23, 29]",24 114 158 68
497,"[37, 23, 47, 91]",24 115 160 69
498,"[10, 91, 69, 42]",24 115 160 69
499,"[51, 5, 86, 13]",24 115 160 69
500,"[13, 9, 69, 46]",24 114 158 68
501,"[88, 35, 77, 76]",24 116 162 70
502,"[77, 56, 95, 82]",24 115 160 69
503,"[19, 25, 30, 66]",24 115 160 69
504,"[80, 68, 99, 63]",24 114 158 68
505,"[33, 84, 3, 75]",24 115 160 69
506,"[40, 29, 7, 54]",24 116 162 70
507,"[80, 50, 71, 19]",24 115 160 69
508,"[62, 77, 98, 87]",24 114 158 68
509,"[73, 38, 11, 51]",24 116 162 70
510,"[48, 29, 42, 100]",24 116 162 70
511,"[84, 42, 46, 21]",24 116 162 70
512,"[45, 82, 27, 69]",24 114 158 68
513,"[60, 45, 36, 35]",24 114 158 68
514,"[92, 83, 69, 32]",24 115 160 69
515,"[98, 19, 44, 82]",24 115 160 69
516,"[88, 23, 78, 37]",24 114 158 68
517,"[86, 93, 3, 29]",24 115 160 69
518,"[94, 25, 56, 13]",24 115 160 69
519,"[21, 61, 85, 97]",24 115 160 69
520,"[70, 31, 77, 47]",24 114 158 68
521,"[56, 46, 92, 19]",24 116 162 70
522,"[28, 33, 48, 50]",24 114 158 68
523,"[7, 44, 58, 38]",24 116 162 70
524,"[82, 49, 76, 77]",24 116 162 70
525,"[54, 96, 70, 90]",24 114 158 68
526,"[33, 98, 41, 2]",24 116 162 70
527,"[49, 76, 3, 13]",24 115 160 69
528,"[24, 49, 74, 88]",24 115 160 69
529,"[80, 26, 98, 71]",24 116 162 70
530,"[43, 29, 48, 79]",24 116 162 70
531,"[93, 14, 85, 42]",24 114 158 68
532,"[10, 61, 50, 8]",24 114 158 68
533,"[39, 35, 21, 40]",24 114 158 68
534,"[68, 53, 77, 18]",24 115 160 69
535,"[98, 35, 31, 73]",24 114 158 68
536,"[60, 23, 47, 76]",24 115 160 69
537,"[6, 38, 88, 11]",24 115 160 69
538,"[38, 21, 53, 48]",24 114 158 68
539,"[80, 52, 34, 43]",24 115 160 69
540,"[1, 3, 64, 92]",24 115 160 69
541,"[63, 72, 94, 87]",24 114 158 68
542,"[99, 66, 74, 54]",24 115 160 69
543,"[54, 51, 91, 44]",24 115 160 69
544,"[52, 44, 92, 9]",24 116 162 70
545,"[63, 45, 13, 36]",24 116 162 70
546,"[89, 86, 38, 56]",24 114 158 68
547,"[55, 25, 93, 85]",24 114 158 68
548,"[63, 69, 11, 67]",24 116 162 70
549,"[45, 10, 79, 71]",24 115 160 69
550,"[43, 84, 51, 63]",24 114 158 68
551,"[54, 23, 90, 66]",24 116 162 70
552,"[23, 3, 80, 68]",24 115 160 69
553,"[93, 6, 78, 75]",24 116 162 70
554,"[40, 82, 89, 45]",24 114 158 68
555,"[85, 91, 61, 83]",24 115 160 69
556,"[67, 99, 81, 70]",24 114 158 68
557,"[85, 39, 71, 87]",24 114 158 68
558,"[57, 77, 54, 69]",24 114 158 68
559,"[22, 31, 66, 85]",24 114 158 68
560,"[73, 97, 50, 21]",24 115 160 69
561,"[56, 81, 49, 11]",24 116 162 70
562,"[14, 23, 79, 27]",24 116 162 70
563,"[62, 8, 28, 19]",24 116 162 70
564,"[81, 37, 61, 94]",24 114 158 68
565,"[48, 49, 40, 85]",24 116 162 70
566,"[35, 48, 12, 96]",24 116 162 70
567,"[29, 67, 45, 1]",24 116 162 70
568,"[6, 2, 21, 72]",24 115 160 69
569,"[99, 91, 13, 42]",24 114 158 68
570,"[6, 66, 63, 72]",24 116 162 70
571,"[5, 9, 53, 31]",24 115 160 69
572,"[6, 19, 86, 44]",24 115 160 69
573,"[29, 67, 15, 11]",24 115 160 69
574,"[83, 27, 82, 59]",24 114 158 68
575,"[62, 77, 79, 83]",24 114 158 68
576,"[12, 59, 68, 88]",24 116 162 70
577,"[56, 34, 4, 80]",24 116 162 70
578,"[77, 15, 85, 100]",24 116 162 70
579,"[8, 83, 37, 4]",24 115 160 69
580,"[77, 87, 66, 57]",24 114 158 68
581,"[76, 14, 98, 56]",24 116 162 70
582,"[15, 26, 84, 4]",24 116 162 70
583,"[19, 39, 16, 46]",24 114 158 68
584,"[24, 67, 18, 33]",24 115 160 69
585,"[27, 24, 11, 30]",24 115 160 69
586,"[54, 24, 48, 66]",24 115 160 69
587,"[44, 100, 50, 93]",24 114 158 68
588,"[41, 44, 82, 47]",24 115 160 69
589,"[87, 12, 52, 50]",24 116 162 70
590,"[33, 2, 69, 91]",24 116 162 70
591,"[22, 100, 88, 54]",24 114 158 68
592,"[36, 39, 83, 48]",24 114 158 68
593,"[63, 82, 73, 89]",24 114 158 68
594,"[14, 30, 82, 72]",24 114 158 68
595,"[4, 68, 56, 52]",24 116 162 70
596,"[56, 37, 24, 3]",24 116 162 70
597,"[84, 87, 68, 69]",24 114 158 68
598,"[40, 15, 44, 97]",24 116 162 70
599,"[56, 81, 91, 17]",24 115 160 69
600,"[44, 24, 32, 21]",24 114 158 68
601,"[24, 62, 61, 87]",24 116 162 70
602,"[12, 60, 26, 48]",24 115 160 69
603,"[90, 18, 65, 5]",24 115 160 69
604,"[26, 12, 2, 89]",24 116 162 70
605,"[7, 67, 74, 96]",24 116 162 70
606,"[87, 19, 59, 62]",24 116 162 70
607,"[68, 61, 78, 37]",24 115 160 69
608,"[56, 60, 36, 14]",24 114 158 68
609,"[83, 90, 63, 96]",24 114 158 68
610,"[50, 99, 85, 13]",24 115 160 69
611,"[63, 19, 99, 13]",24 114 158 68
612,"[30, 70, 93, 64]",24 116 162 70
613,"[14, 50, 71, 20]",24 114 158 68
614,"[93, 92, 43, 54]",24 114 158 68
615,"[69, 35, 89, 64]",24 116 162 70
616,"[2, 33, 61, 68]",24 116 162 70
617,"[81, 13, 65, 74]",24 116 162 70
618,"[68, 18, 57, 19]",24 114 158 68
619,"[11, 15, 43, 84]",24 115 160 69
620,"[98, 73, 68, 83]",24 114 158 68
621,"[92, 14, 24, 96]",24 114 158 68
622,"[75, 35, 22, 7]",24 116 162 70
623,"[75, 31, 63, 52]",24 115 160 69
624,"[2, 6, 75, 8]",24 116 162 70
625,"[62, 2, 12, 28]",24 116 162 70
626,"[68, 54, 96, 60]",24 114 158 68
627,"[15, 25, 24, 12]",24 114 158 68
628,"[87, 14, 30, 32]",24 116 162 70
629,"[31, 92, 63, 90]",24 114 158 68
630,"[62, 56, 61, 99]",24 116 162 70
631,"[57, 65, 51, 5]",24 116 162 70
632,"[17, 66, 86, 12]",24 114 158 68
633,"[32, 47, 2, 20]",24 116 162 70
634,"[43, 16, 55, 45]",24 116 162 70
635,"[44, 50, 63, 48]",24 114 158 68
636,"[97, 74, 11, 70]",24 116 162 70
637,"[91, 87, 84, 74]",24 114 158 68
638,"[43, 22, 21, 17]",24 116 162 70
639,"[92, 49, 41, 28]",24 115 160 69
640,"[97, 74, 22, 81]",24 116 162 70
641,"[69, 98, 17, 67]",24 116 162 70
642,"[84, 63, 71, 36]",24 115 160 69
643,"[82, 23, 33, 62]",24 114 158 68
644,"[70, 38, 49, 64]",24 114 158 68
645,"[55, 3, 39, 30]",24 116 162 70
646,"[48, 66, 40, 14]",24 116 162 70
647,"[12, 71, 91, 18]",24 114 158 68
648,"[87, 46, 91, 10]",24 114 158 68
649,"[57, 84, 9, 87]",24 115 160 69
650,"[98, 58, 40, 89]",24 114 158 68
651,"[90, 38, 89, 43]",24 114 158 68
652,"[61, 98, 69, 54]",24 114 158 68
653,"[83, 61, 44, 71]",24 114 158 68
654,"[21, 31, 71, 26]",24 115 160 69
655,"[75, 2, 58, 31]",24 116 162 70
656,"[83, 43, 50, 32]",24 115 160 69
657,"[88, 22, 50, 14]",24 115 160 69
658,"[12, 13, 93, 17]",24 115 160 69
659,"[88, 90, 19, 42]",24 114 158 68
660,"[34, 55, 64, 18]",24 114 158 68
661,"[22, 70, 29, 46]",24 114 158 68
662,"[40, 54, 62, 67]",24 114 158 68
663,"[99, 51, 67, 74]",24 115 160 69
664,"[5, 60, 26, 70]",24 115 160 69
665,"[30, 89, 82, 23]",24 114 158 68
666,"[73, 52, 28, 93]",24 115 160 69
667,"[25, 43, 40, 30]",24 114 158 68
668,"[15, 42, 70, 58]",24 115 160 69
669,"[17, 5, 41, 62]",24 115 160 69
670,"[79, 8, 94, 44]",24 115 160 69
671,"[1, 72, 78, 35]",24 116 162 70
672,"[9, 59, 94, 32]",24 115 160 69
673,"[57, 47, 97, 89]",24 114 158 68
674,"[36, 69, 9, 87]",24 115 160 69
675,"[90, 94, 67, 55]",24 114 158 68
676,"[45, 25, 13, 12]",24 114 158 68
677,"[15, 46, 56, 81]",24 116 162 70
678,"[86, 61, 65, 37]",24 116 162 70
679,"[39, 32, 65, 72]",24 114 158 68
680,"[40, 52, 68, 30]",24 114 158 68
681,"[86, 2, 8, 81]",24 114 158 68
682,"[78, 11, 96, 35]",24 115 160 69
683,"[89, 86, 54, 12]",24 114 158 68
684,"[68, 75, 26, 22]",24 114 158 68
685,"[82, 75, 49, 61]",24 114 158 68
686,"[52, 88, 47, 7]",24 116 162 70
687,"[30, 45, 3, 76]",24 116 162 70
688,"[10, 7, 26, 24]",24 114 158 68
689,"[40, 58, 7, 70]",24 116 162 70
690,"[36, 81, 54, 53]",24 116 162 70
691,"[48, 98, 73, 1]",24 116 162 70
692,"[69, 86, 92, 18]",24 115 160 69
693,"[66, 5, 67, 77]",24 116 162 70
694,"[82, 17, 93, 92]",24 114 158 68
695,"[17, 45, 23, 48]",24 114 158 68
696,"[78, 39, 54, 22]",24 115 160 69
697,"[60, 75, 19, 82]",24 115 160 69
698,"[54, 65, 26, 70]",24 114 158 68
699,"[96, 27, 73, 42]",24 114 158 68
700,"[17, 35, 60, 32]",24 116 162 70
701,"[24, 96, 37, 28]",24 115 160 69
702,"[12, 1, 24, 19]",24 116 162 70
703,"[96, 70, 60, 43]",24 115 160 69
704,"[22, 35, 93, 48]",24 115 160 69
705,"[92, 60, 50, 99]",24 114 158 68
706,"[53, 66, 74, 25]",24 115 160 69
707,"[69, 100, 41, 36]",24 114 158 68
708,"[17, 9, 56, 38]",24 115 160 69
709,"[25, 70, 63, 12]",24 114 158 68
710,"[6, 100, 94, 29]",24 114 158 68
711,"[3, 71, 80, 16]",24 115 160 69
712,"[67, 16, 83, 49]",24 115 160 69
713,"[70, 51, 88, 72]",24 116 162 70
714,"[49, 98, 30, 19]",24 115 160 69
715,"[94, 1, 80, 52]",24 116 162 70
716,"[97, 18, 28, 8]",24 116 162 70
717,"[88, 95, 99, 63]",24 114 158 68
718,"[82, 35, 38, 51]",24 114 158 68
719,"[68, 96, 97, 33]",24 114 158 68
720,"[50, 7, 5, 98]",24 115 160 69
721,"[85, 51, 20, 2]",24 116 162 70
722,"[25, 85, 52, 56]",24 116 162 70
723,"[49, 80, 24, 21]",24 114 158 68
724,"[72, 61, 86, 5]",24 116 162 70
725,"[35, 76, 27, 1]",24 116 162 70
726,"[27, 77, 60, 88]",24 115 160 69
727,"[11, 90, 3, 65]",24 115 160 69
728,"[91, 1, 29, 12]",24 116 162 70
729,"[92, 88, 38, 46]",24 114 158 68
730,"[89, 14, 79, 61]",24 115 160 69
731,"[65, 13, 6, 69]",24 114 158 68
732,"[46, 56, 65, 22]",24 115 160 69
733,"[45, 10, 46, 50]",24 116 162 70
734,"[63, 53, 20, 25]",24 114 158 68
735,"[15, 93, 62, 35]",24 115 160 69
736,"[46, 20, 7, 49]",24 114 158 68
737,"[6, 9, 50, 67]",24 114 158 68
738,"[53, 42, 67, 60]",24 114 158 68
739,"[39, 42, 68, 56]",24 114 158 68
740,"[61, 44, 8, 23]",24 115 160 69
741,"[29, 88, 89, 20]",24 114 158 68
742,"[5, 10, 21, 87]",24 115 160 69
743,"[53, 89, 97, 92]",24 115 160 69
744,"[12, 89, 28, 60]",24 115 160 69
745,"[97, 55, 54, 28]",24 116 162 70
746,"[90, 98, 9, 23]",24 114 158 68
747,"[84, 49, 65, 74]",24 114 158 68
748,"[59, 68, 25, 95]",24 116 162 70
749,"[79, 57, 3, 18]",24 115 160 69
750,"[20, 63, 15, 24]",24 115 160 69
751,"[87, 68, 34, 4]",24 116 162 70
752,"[56, 6, 50, 22]",24 115 160 69
753,"[100, 58, 32, 20]",24 115 160 69
754,"[10, 39, 82, 90]",24 115 160 69
755,"[60, 44, 93, 75]",24 114 158 68
756,"[94, 55, 11, 46]",24 116 162 70
757,"[15, 22, 35, 99]",24 115 160 69
758,"[41, 31, 86, 49]",24 115 160 69
759,"[55, 34, 74, 95]",24 115 160 69
760,"[41, 24, 52, 54]",24 114 158 68
761,"[69, 31, 61, 89]",24 115 160 69
762,"[88, 39, 24, 95]",24 114 158 68
763,"[55, 29, 16, 28]",24 116 162 70
764,"[87, 77, 88, 39]",24 114 158 68
765,"[60, 40, 70, 99]",24 115 160 69
766,"[17, 9, 73, 18]",24 116 162 70
767,"[26, 27, 76, 29]",24 115 160 69
768,"[16, 84, 3, 98]",24 115 160 69
769,"[30, 56, 96, 25]",24 114 158 68
770,"[93, 24, 34, 35]",24 116 162 70
771,"[43, 10, 17, 25]",24 115 160 69
772,"[94, 40, 45, 9]",24 116 162 70
773,"[14, 64, 70, 20]",24 114 158 68
774,"[44, 78, 52, 20]",24 116 162 70
775,"[41, 83, 58, 85]",24 114 158 68
776,"[27, 30, 89, 45]",24 114 158 68
777,"[85, 83, 12, 79]",24 116 162 70
778,"[89, 21, 30, 14]",24 115 160 69
779,"[64, 50, 7, 46]",24 116 162 70
780,"[25, 55, 79, 44]",24 115 160 69
781,"[61, 90, 98, 9]",24 115 160 69
782,"[15, 86, 57, 33]",24 115 160 69
783,"[95, 68, 39, 88]",24 114 158 68
784,"[45, 100, 85, 15]",24 115 160 69
785,"[37, 89, 84, 77]",24 115 160 69
786,"[72, 54, 69, 74]",24 114 158 68
787,"[78, 76, 18, 95]",24 116 162 70
788,"[35, 32, 63, 26]",24 115 160 69
789,"[92, 35, 49, 39]",24 115 160 69
790,"[17, 38, 44, 27]",24 114 158 68
791,"[29, 20, 48, 63]",24 114 158 68
792,"[41, 100, 63, 74]",24 115 160 69
793,"[55, 41, 77, 59]",24 115 160 69
794,"[16, 75, 24, 51]",24 114 158 68
795,"[40, 30, 78, 64]",24 114 158 68
796,"[97, 80, 64, 36]",24 115 160 69
797,"[63, 26, 59, 84]",24 116 162 70
798,"[32, 50, 86, 5]",24 116 162 70
799,"[79, 2, 13, 59]",24 115 160 69
800,"[17, 43, 11, 41]",24 114 158 68
801,"[3, 74, 17, 51]",24 115 160 69
802,"[88, 33, 71, 96]",24 114 158 68
803,"[21, 66, 7, 26]",24 116 162 70
804,"[87, 24, 58, 68]",24 116 162 70
805,"[62, 51, 36, 25]",24 114 158 68
806,"[32, 55, 86, 46]",24 115 160 69
807,"[59, 39, 14, 36]",24 116 162 70
808,"[27, 55, 24, 36]",24 114 158 68
809,"[92, 66, 78, 2]",24 116 162 70
810,"[69, 41, 37, 57]",24 114 158 68
811,"[41, 62, 51, 91]",24 115 160 69
812,"[35, 76, 30, 98]",24 114 158 68
813,"[5, 65, 81, 45]",24 116 162 70
814,"[41, 64, 88, 13]",24 115 160 69
815,"[39, 46, 71, 11]",24 116 162 70
816,"[78, 18, 72, 86]",24 116 162 70
817,"[43, 2, 29, 8]",24 115 160 69
818,"[76, 71, 24, 87]",24 116 162 70
819,"[67, 12, 7, 40]",24 115 160 69
820,"[31, 73, 53, 17]",24 115 160 69
821,"[41, 39, 17, 31]",24 114 158 68
822,"[77, 13, 54, 50]",24 116 162 70
823,"[76, 50, 8, 39]",24 116 162 70
824,"[31, 52, 77, 53]",24 116 162 70
825,"[68, 80, 16, 70]",24 116 162 70
826,"[66, 71, 32, 93]",24 116 162 70
827,"[64, 96, 44, 42]",24 114 158 68
828,"[56, 86, 2, 39]",24 116 162 70
829,"[64, 3, 33, 31]",24 116 162 70
830,"[82, 62, 43, 34]",24 114 158 68
831,"[89, 76, 98, 25]",24 115 160 69
832,"[4, 50, 38, 11]",24 115 160 69
833,"[73, 14, 40, 89]",24 115 160 69
834,"[34, 81, 40, 33]",24 114 158 68
835,"[96, 30, 74, 99]",24 114 158 68
836,"[1, 25, 92, 9]",24 116 162 70
837,"[94, 89, 100, 47]",24 115 160 69
838,"[47, 39, 33, 62]",24 114 158 68
839,"[1, 90, 19, 25]",24 116 162 70
840,"[49, 31, 2, 1]",24 115 160 69
841,"[59, 96, 45, 67]",24 115 160 69
842,"[10, 27, 77, 31]",24 116 162 70
843,"[68, 71, 72, 59]",24 114 158 68
844,"[64, 90, 34, 44]",24 114 158 68
845,"[69, 89, 57, 71]",24 115 160 69
846,"[94, 62, 22, 56]",24 116 162 70
847,"[12, 47, 17, 94]",24 115 160 69
848,"[22, 13, 77, 48]",24 115 160 69
849,"[53, 77, 11, 44]",24 116 162 70
850,"[10, 89, 48, 5]",24 115 160 69
851,"[64, 33, 7, 58]",24 115 160 69
852,"[27, 29, 79, 49]",24 114 158 68
853,"[68, 3, 58, 77]",24 116 162 70
854,"[12, 34, 39, 5]",24 114 158 68
855,"[23, 92, 11, 44]",24 115 160 69
856,"[42, 88, 99, 3]",24 115 160 69
857,"[66, 1, 78, 11]",24 115 160 69
858,"[56, 27, 37, 42]",24 115 160 69
859,"[8, 62, 20, 41]",24 115 160 69
860,"[54, 46, 93, 96]",24 114 158 68
861,"[28, 1, 35, 26]",24 116 162 70
862,"[37, 92, 55, 1]",24 116 162 70
863,"[85, 58, 87, 22]",24 114 158 68
864,"[9, 25, 60, 46]",24 115 160 69
865,"[78, 22, 15, 52]",24 114 158 68
866,"[2, 93, 12, 17]",24 116 162 70
867,"[79, 6, 96, 34]",24 115 160 69
868,"[13, 95, 84, 8]",24 114 158 68
869,"[100, 40, 78, 51]",24 114 158 68
870,"[62, 63, 23, 35]",24 114 158 68
871,"[8, 19, 30, 79]",24 116 162 70
872,"[57, 13, 39, 30]",24 115 160 69
873,"[22, 21, 45, 68]",24 114 158 68
874,"[66, 97, 24, 39]",24 115 160 69
875,"[77, 44, 20, 41]",24 116 162 70
876,"[55, 52, 89, 93]",24 114 158 68
877,"[52, 25, 30, 20]",24 115 160 69
878,"[64, 86, 76, 66]",24 114 158 68
879,"[41, 70, 74, 96]",24 116 162 70
880,"[82, 3, 71, 98]",24 116 162 70
881,"[54, 18, 1, 96]",24 116 162 70
882,"[54, 82, 43, 89]",24 114 158 68
883,"[8, 82, 56, 96]",24 116 162 70
884,"[11, 44, 46, 45]",24 116 162 70
885,"[39, 51, 58, 41]",24 114 158 68
886,"[90, 89, 63, 75]",24 114 158 68
887,"[52, 1, 15, 69]",24 116 162 70
888,"[18, 48, 13, 50]",24 114 158 68
889,"[72, 38, 54, 71]",24 114 158 68
890,"[89, 36, 39, 72]",24 114 158 68
891,"[46, 76, 38, 75]",24 114 158 68
892,"[43, 26, 8, 37]",24 115 160 69
893,"[63, 7, 79, 95]",24 116 162 70
894,"[95, 88, 68, 8]",24 116 162 70
895,"[27, 95, 65, 44]",24 115 160 69
896,"[53, 77, 13, 65]",24 116 162 70
897,"[75, 15, 69, 74]",24 115 160 69
898,"[98, 91, 56, 17]",24 114 158 68
899,"[61, 1, 92, 58]",24 116 162 70
900,"[10, 83, 31, 48]",24 116 162 70
901,"[47, 42, 21, 26]",24 114 158 68
902,"[9, 51, 38, 41]",24 116 162 70
903,"[26, 8, 28, 4]",24 114 158 68
904,"[14, 59, 69, 73]",24 115 160 69
905,"[3, 15, 60, 10]",24 116 162 70
906,"[12, 16, 10, 19]",24 114 158 68
907,"[71, 30, 8, 97]",24 115 160 69
908,"[27, 48, 7, 33]",24 116 162 70
909,"[5, 53, 70, 16]",24 115 160 69
910,"[65, 79, 55, 45]",24 114 158 68
911,"[100, 64, 73, 70]",24 115 160 69
912,"[20, 86, 47, 94]",24 114 158 68
913,"[96, 73, 64, 38]",24 115 160 69
914,"[18, 33, 9, 14]",24 115 160 69
915,"[24, 6, 31, 46]",24 116 162 70
916,"[69, 70, 33, 53]",24 114 158 68
917,"[72, 55, 20, 70]",24 114 158 68
918,"[24, 98, 81, 65]",24 115 160 69
919,"[29, 86, 85, 77]",24 114 158 68
920,"[5, 21, 60, 7]",24 115 160 69
921,"[86, 44, 65, 2]",24 116 162 70
922,"[89, 9, 36, 32]",24 116 162 70
923,"[22, 25, 55, 91]",24 114 158 68
924,"[30, 9, 32, 41]",24 116 162 70
925,"[18, 43, 15, 68]",24 114 158 68
926,"[4, 22, 91, 66]",24 115 160 69
927,"[48, 10, 79, 27]",24 115 160 69
928,"[43, 34, 10, 59]",24 116 162 70
929,"[83, 68, 56, 4]",24 116 162 70
930,"[6, 4, 7, 41]",24 116 162 70
931,"[59, 5, 88, 49]",24 116 162 70
932,"[51, 56, 77, 18]",24 116 162 70
933,"[91, 53, 97, 83]",24 114 158 68
934,"[68, 87, 81, 60]",24 114 158 68
935,"[14, 43, 2, 9]",24 116 162 70
936,"[18, 70, 22, 13]",24 115 160 69
937,"[28, 19, 99, 26]",24 116 162 70
938,"[61, 1, 34, 48]",24 116 162 70
939,"[91, 41, 35, 43]",24 116 162 70
940,"[43, 92, 36, 27]",24 115 160 69
941,"[35, 26, 79, 53]",24 114 157 67
942,"[5, 72, 83, 9]",24 114 158 68
943,"[92, 21, 43, 2]",24 116 162 70
944,"[2, 65, 1, 40]",24 115 160 69
945,"[57, 64, 11, 29]",24 114 158 68
946,"[13, 52, 91, 19]",24 115 160 69
947,"[14, 73, 39, 24]",24 115 160 69
948,"[26, 80, 43, 93]",24 114 158 68
949,"[77, 40, 83, 93]",24 115 160 69
950,"[2, 96, 66, 30]",24 116 162 70
951,"[94, 22, 24, 57]",24 114 158 68
952,"[89, 83, 91, 82]",24 114 158 68
953,"[54, 26, 56, 7]",24 114 158 68
954,"[68, 74, 87, 30]",24 116 162 70
955,"[81, 67, 2, 23]",24 115 160 69
956,"[57, 32, 64, 44]",24 114 158 68
957,"[39, 78, 80, 16]",24 114 158 68
958,"[38, 6, 75, 85]",24 115 160 69
959,"[7, 36, 5, 38]",24 114 158 68
960,"[77, 57, 92, 95]",24 114 158 68
961,"[14, 74, 59, 64]",24 116 162 70
962,"[12, 35, 72, 97]",24 115 160 69
963,"[7, 91, 59, 93]",24 114 158 68
964,"[42, 7, 2, 51]",24 115 160 69
965,"[86, 82, 80, 59]",24 115 160 69
966,"[79, 8, 5, 4]",24 115 160 69
967,"[26, 51, 82, 67]",24 115 160 69
968,"[71, 83, 40, 88]",24 114 158 68
969,"[48, 16, 92, 12]",24 115 160 69
970,"[72, 8, 56, 92]",24 116 162 70
971,"[2, 1, 38, 29]",24 114 158 68
972,"[11, 39, 83, 82]",24 114 158 68
973,"[89, 86, 6, 55]",24 115 160 69
974,"[81, 36, 61, 95]",24 114 158 68
975,"[80, 82, 35, 60]",24 114 158 68
976,"[27, 76, 77, 4]",24 114 158 68
977,"[100, 77, 6, 18]",24 115 160 69
978,"[2, 15, 32, 87]",24 116 162 70
979,"[58, 18, 76, 43]",24 115 160 69
980,"[14, 50, 54, 31]",24 114 158 68
981,"[6, 40, 42, 20]",24 114 158 68
982,"[59, 18, 88, 21]",24 114 158 68
983,"[12, 4, 58, 91]",24 115 160 69
984,"[72, 41, 47, 23]",24 116 162 70
985,"[49, 96, 40, 72]",24 114 158 68
986,"[57, 79, 100, 89]",24 114 158 68
987,"[72, 40, 48, 31]",24 115 160 69
988,"[2, 3, 55, 68]",24 114 158 68
989,"[96, 5, 46, 41]",24 116 162 70
990,"[40, 93, 33, 83]",24 114 158 68
991,"[69, 57, 73, 9]",24 115 160 69
992,"[74, 68, 14, 24]",24 114 158 68
993,"[20, 87, 68, 48]",24 115 160 69
994,"[91, 98, 8, 60]",24 115 160 69
995,"[10, 71, 22, 72]",24 114 158 68
996,"[78, 71, 35, 52]",24 114 158 68
997,"[96, 59, 60, 13]",24 116 162 70
998,"[46, 63, 99, 59]",24 115 160 69
999,"[79, 37, 61, 4]",24 116 162 70
